# # theta_deg rpm_300 rpm_500 rpm_700 rpm_900
-8.4000000000e+01 -3.7445184517e-08 -3.1127509666e-08 -2.2127078001e-08 -2.0272789924e-08
-8.3500000000e+01 -3.8674400949e-08 -3.2374102112e-08 -2.3234066696e-08 -2.1537921276e-08
-8.3000000000e+01 -4.0013685569e-08 -3.3766549559e-08 -2.4490089998e-08 -2.2986531353e-08
-8.2500000000e+01 -4.0314199663e-08 -3.4100002846e-08 -2.4792622709e-08 -2.3329084005e-08
-8.2000000000e+01 -4.0590227657e-08 -3.4408153977e-08 -2.5071555720e-08 -2.3643273293e-08
-8.1500000000e+01 -4.0837388387e-08 -3.4685910781e-08 -2.5321930248e-08 -2.3923053982e-08
-8.1000000000e+01 -4.1051401706e-08 -3.4928289878e-08 -2.5538903529e-08 -2.4162533468e-08
-8.0500000000e+01 -4.1228148890e-08 -3.5130505890e-08 -2.5717851406e-08 -2.4356112082e-08
-8.0000000000e+01 -4.1363734877e-08 -3.5288062925e-08 -2.5854473308e-08 -2.4498626781e-08
-7.9500000000e+01 -4.1454552434e-08 -3.5396847055e-08 -2.5944897242e-08 -2.4585494276e-08
-7.9000000000e+01 -4.1497348431e-08 -3.5453218598e-08 -2.5985782459e-08 -2.4612849509e-08
-7.8500000000e+01 -4.1489292550e-08 -3.5454103082e-08 -2.5974417479e-08 -2.4577675467e-08
-7.8000000000e+01 -4.1428048789e-08 -3.5397079941e-08 -2.5908811354e-08 -2.4477920508e-08
-7.7500000000e+01 -4.1311850229e-08 -3.5280468103e-08 -2.5787776214e-08 -2.4312599702e-08
-7.7000000000e+01 -4.1139577479e-08 -3.5103407781e-08 -2.5610999417e-08 -2.4081877115e-08
-7.6500000000e+01 -4.0910841234e-08 -3.4865937886e-08 -2.5379103855e-08 -2.3787126435e-08
-7.6000000000e+01 -4.0626069216e-08 -3.4569068556e-08 -2.5093695290e-08 -2.3430967959e-08
-7.5500000000e+01 -4.0286597596e-08 -3.4214848348e-08 -2.4757395843e-08 -2.3017280524e-08
-7.5000000000e+01 -3.9894766679e-08 -3.3806425601e-08 -2.4373863102e-08 -2.2551187732e-08
-7.4500000000e+01 -3.9454020135e-08 -3.3348103382e-08 -2.3947794589e-08 -2.2039018513e-08
-7.4000000000e+01 -3.8969006377e-08 -3.2845387187e-08 -2.3484917595e-08 -2.1488242924e-08
-7.3500000000e+01 -3.8445679624e-08 -3.2305024143e-08 -2.2991964641e-08 -2.0907384902e-08
-7.3000000000e+01 -3.7891396701e-08 -3.1735031712e-08 -2.2476634900e-08 -2.0305914500e-08
-7.2500000000e+01 -3.7315003551e-08 -3.1144712839e-08 -2.1947541838e-08 -1.9694122940e-08
-7.2000000000e+01 -3.6726902620e-08 -3.0544652859e-08 -2.1414147046e-08 -1.9082984362e-08
-7.1500000000e+01 -3.6139088763e-08 -2.9946691437e-08 -2.0886679571e-08 -1.8484008620e-08
-7.1000000000e+01 -3.5565137219e-08 -2.9363860317e-08 -2.0376039181e-08 -1.7909089529e-08
-7.0500000000e+01 -3.5020123206e-08 -2.8810275248e-08 -1.9893681029e-08 -1.7370352929e-08
-7.0000000000e+01 -3.4520449833e-08 -2.8300968852e-08 -1.9451478445e-08 -1.6880008614e-08
-6.9500000000e+01 -3.4083561431e-08 -2.7851651824e-08 -1.9061560923e-08 -1.6450210162e-08
-6.9000000000e+01 -3.3727525401e-08 -2.7478394449e-08 -1.8736126522e-08 -1.6092927187e-08
-6.8500000000e+01 -3.3470479939e-08 -2.7197230562e-08 -1.8487232831e-08 -1.5819836126e-08
-6.8000000000e+01 -3.3329968321e-08 -2.7023702462e-08 -1.8326578610e-08 -1.5642238473e-08
-6.7500000000e+01 -3.3322210697e-08 -2.6972385809e-08 -1.8265298082e-08 -1.5571018984e-08
-6.7000000000e+01 -3.3461394385e-08 -2.7056453201e-08 -1.8313798918e-08 -1.5616659418e-08
-6.6500000000e+01 -3.3759082663e-08 -2.7287345869e-08 -1.8481678908e-08 -1.5789323831e-08
-6.6000000000e+01 -3.4223839031e-08 -2.7674617427e-08 -1.8777751374e-08 -1.6099027296e-08
-6.5500000000e+01 -3.4861134088e-08 -2.8225988916e-08 -1.9210194275e-08 -1.6555890699e-08
-6.5000000000e+01 -3.5673551213e-08 -2.8947615623e-08 -1.9786815823e-08 -1.7170471430e-08
-6.4500000000e+01 -3.6661250577e-08 -2.9844524815e-08 -2.0515406658e-08 -1.7954146571e-08
-6.4000000000e+01 -3.7822606608e-08 -3.0921152790e-08 -2.1404132190e-08 -1.8919514877e-08
-6.3500000000e+01 -3.9154913980e-08 -3.2181897485e-08 -2.2461912545e-08 -2.0080778157e-08
-6.3000000000e+01 -4.0655062980e-08 -3.3631609559e-08 -2.3698741152e-08 -2.1454061231e-08
-6.2500000000e+01 -4.2320109023e-08 -3.5275964106e-08 -2.5125902830e-08 -2.3057630875e-08
-6.2000000000e+01 -4.4147692089e-08 -3.7121678652e-08 -2.6756063795e-08 -2.4911976609e-08
-6.1500000000e+01 -4.6136290488e-08 -3.9176564231e-08 -2.8603216352e-08 -2.7039719257e-08
-6.1000000000e+01 -4.8285314621e-08 -4.1449411916e-08 -3.0682469099e-08 -2.9465317549e-08
-6.0500000000e+01 -5.0595059209e-08 -4.3949727035e-08 -3.3009679840e-08 -3.2214549685e-08
-6.0000000000e+01 -5.3066538342e-08 -4.6687328787e-08 -3.5600934148e-08 -3.5313756564e-08
-5.9500000000e+01 -5.5701228995e-08 -4.9671836109e-08 -3.8471878814e-08 -3.8788846547e-08
-5.9000000000e+01 -5.8500747428e-08 -5.2912062726e-08 -4.1636926548e-08 -4.2664077520e-08
-5.8500000000e+01 -6.1466480706e-08 -5.6415346351e-08 -4.5108356317e-08 -4.6960649465e-08
-5.8000000000e+01 -6.4599193251e-08 -6.0186839135e-08 -4.8895341936e-08 -5.1695158130e-08
-5.7500000000e+01 -6.7898626249e-08 -6.4228788602e-08 -5.3002949250e-08 -5.6877976224e-08
-5.7000000000e+01 -7.1363105942e-08 -6.8539840088e-08 -5.7431148639e-08 -6.2511641336e-08
-5.6500000000e+01 -7.4989175212e-08 -7.3114392700e-08 -6.2173893932e-08 -6.8589338558e-08
-5.6000000000e+01 -7.8771261398e-08 -7.7942040657e-08 -6.7218320578e-08 -7.5093569704e-08
-5.5500000000e+01 -8.2701391628e-08 -8.3007130320e-08 -7.2544114732e-08 -8.1995099595e-08
-5.5000000000e+01 -8.6768965281e-08 -8.8288460084e-08 -7.8123100625e-08 -8.9252262861e-08
-5.4500000000e+01 -9.0960591243e-08 -9.3759145604e-08 -8.3919086147e-08 -9.6810702179e-08
-5.4000000000e+01 -9.5259995511e-08 -9.9386666603e-08 -8.9887996309e-08 -1.0460359115e-07
-5.3500000000e+01 -9.9648002473e-08 -1.0513310415e-07 -9.5978311457e-08 -1.1255237288e-07
-5.3000000000e+01 -1.0410259083e-07 -1.1095556889e-07 -1.0213181260e-07 -1.2056801981e-07
-5.2500000000e+01 -1.0859902282e-07 -1.1680681214e-07 -1.0828462061e-07 -1.2855279301e-07
-5.2000000000e+01 -1.1311004309e-07 -1.2263600272e-07 -1.1436850048e-07 -1.3640245155e-07
-5.1500000000e+01 -1.1760614175e-07 -1.2838964488e-07 -1.2031238713e-07 -1.4400883654e-07
-5.1000000000e+01 -1.2205587404e-07 -1.3401260505e-07 -1.2604407654e-07 -1.5126273191e-07
-5.0500000000e+01 -1.2642622795e-07 -1.3944921031e-07 -1.3149201617e-07 -1.5805688618e-07
-5.0000000000e+01 -1.3068303008e-07 -1.4464437766e-07 -1.3658712205e-07 -1.6428906822e-07
-4.9500000000e+01 -1.3479137930e-07 -1.4954473205e-07 -1.4126454765e-07 -1.6986502541e-07
-4.9000000000e+01 -1.3871609780e-07 -1.5409967200e-07 -1.4546533140e-07 -1.7470121575e-07
-4.8500000000e+01 -1.4242218942e-07 -1.5826234466e-07 -1.4913785512e-07 -1.7872719543e-07
-4.8000000000e+01 -1.4587529561e-07 -1.6199049736e-07 -1.5223905550e-07 -1.8188756031e-07
-4.7500000000e+01 -1.4904214038e-07 -1.6524717912e-07 -1.5473534277e-07 -1.8414336180e-07
-4.7000000000e+01 -1.5189095671e-07 -1.6800127359e-07 -1.5660319545e-07 -1.8547294352e-07
-4.6500000000e+01 -1.5439188807e-07 -1.7022785309e-07 -1.5782941612e-07 -1.8587217408e-07
-4.6000000000e+01 -1.5651735992e-07 -1.7190835238e-07 -1.5841104936e-07 -1.8535408007e-07
-4.5500000000e+01 -1.5824241748e-07 -1.7303056869e-07 -1.5835497852e-07 -1.8394791145e-07
-4.5000000000e+01 -1.5954502705e-07 -1.7358850223e-07 -1.5767723250e-07 -1.8169769713e-07
-4.4500000000e+01 -1.6040633927e-07 -1.7358205773e-07 -1.5640204558e-07 -1.7866036971e-07
-4.4000000000e+01 -1.6081091369e-07 -1.7301663221e-07 -1.5456072260e-07 -1.7490355508e-07
-4.3500000000e+01 -1.6074690483e-07 -1.7190261778e-07 -1.5219036811e-07 -1.7050313315e-07
-4.3000000000e+01 -1.6020621063e-07 -1.7025484947e-07 -1.4933254109e-07 -1.6554068139e-07
-4.2500000000e+01 -1.5918458485e-07 -1.6809202871e-07 -1.4603189647e-07 -1.6010091160e-07
-4.2000000000e+01 -1.5768171594e-07 -1.6543615112e-07 -1.4233487186e-07 -1.5426920470e-07
-4.1500000000e+01 -1.5570127530e-07 -1.6231196526e-07 -1.3828847200e-07 -1.4812933739e-07
-4.1000000000e+01 -1.5325093940e-07 -1.5874648546e-07 -1.3393919586e-07 -1.4176148034e-07
-4.0500000000e+01 -1.5034239092e-07 -1.5476857820e-07 -1.2933214263e-07 -1.3524053079e-07
-4.0000000000e+01 -1.4699130628e-07 -1.5040863780e-07 -1.2451032265e-07 -1.2863482452e-07
-3.9500000000e+01 -1.4321733873e-07 -1.4569836403e-07 -1.1951419060e-07 -1.2200525390e-07
-3.9000000000e+01 -1.3904410928e-07 -1.4067065184e-07 -1.1438140878e-07 -1.1540480148e-07
-3.8500000000e+01 -1.3449922151e-07 -1.3535960268e-07 -1.0914684188e-07 -1.0887848392e-07
-3.8000000000e+01 -1.2961432143e-07 -1.2980066791e-07 -1.0384277924e-07 -1.0246368876e-07
-3.7500000000e+01 -1.2442523031e-07 -1.2403093819e-07 -9.8499379072e-08 -9.6190878351e-08
-3.7000000000e+01 -1.1897218692e-07 -1.1808959943e-07 -9.3145330201e-08 -9.0084631829e-08
-3.6500000000e+01 -1.1330024728e-07 -1.1201858522e-07 -8.7808732369e-08 -8.4164996808e-08
-3.6000000000e+01 -1.0745990280e-07 -1.0586346855e-07 -8.2518204827e-08 -7.8449128877e-08
-3.5500000000e+01 -1.0150799227e-07 -9.9674649592e-08 -7.7304244176e-08 -7.2953206584e-08
-3.5000000000e+01 -9.5508993191e-08 -9.3508907325e-08 -7.2200862211e-08 -6.7694619948e-08
-3.4500000000e+01 -8.9536771369e-08 -8.7431377850e-08 -6.7247533533e-08 -6.2694432562e-08
-3.4000000000e+01 -8.3676816903e-08 -8.1517975014e-08 -6.2491450018e-08 -5.7980092069e-08
-3.3500000000e+01 -7.8028841708e-08 -7.5858123384e-08 -5.7989973171e-08 -5.3588272938e-08
-3.3000000000e+01 -7.2709258874e-08 -7.0557334020e-08 -5.3812922532e-08 -4.9567511631e-08
-3.2500000000e+01 -6.7852373687e-08 -6.5738491708e-08 -5.0043841929e-08 -4.5979848182e-08
-3.2000000000e+01 -6.3608037201e-08 -6.1539689077e-08 -4.6778607145e-08 -4.2899982259e-08
-3.1500000000e+01 -6.0132425699e-08 -5.8105406281e-08 -4.4118954942e-08 -4.0409733056e-08
-3.1000000000e+01 -5.7568890759e-08 -5.5568120565e-08 -4.2158724104e-08 -3.8585765856e-08
-3.0500000000e+01 -5.6019716345e-08 -5.4021187103e-08 -4.0963427494e-08 -3.7481094870e-08
-3.0000000000e+01 -5.5517472168e-08 -5.3491378575e-08 -4.0549466914e-08 -3.7106041033e-08
-2.9500000000e+01 -5.6010633623e-08 -5.3925181431e-08 -4.0873625282e-08 -3.7418298935e-08
-2.9000000000e+01 -5.7373269154e-08 -5.5198212347e-08 -4.1839927849e-08 -3.8328638464e-08
-2.8500000000e+01 -5.9434031285e-08 -5.7143108051e-08 -4.3320420035e-08 -3.9719249983e-08
-2.8000000000e+01 -6.2009339774e-08 -5.9581345687e-08 -4.5178945739e-08 -4.1464939888e-08
-2.7500000000e+01 -6.4928087201e-08 -6.2346855581e-08 -4.7288802248e-08 -4.3448933878e-08
-2.7000000000e+01 -6.8044185764e-08 -6.5297943217e-08 -4.9541649209e-08 -4.5570884174e-08
-2.6500000000e+01 -7.1239670795e-08 -6.8320165393e-08 -5.1849653647e-08 -4.7748833299e-08
-2.6000000000e+01 -7.4422623530e-08 -7.1324266649e-08 -5.4143949067e-08 -4.9917885530e-08
-2.5500000000e+01 -7.7523129118e-08 -7.4242260930e-08 -5.6371717908e-08 -5.2027651581e-08
-2.5000000000e+01 -8.0489029427e-08 -7.7023338804e-08 -5.8493151485e-08 -5.4039585616e-08
-2.4500000000e+01 -8.3282206013e-08 -7.9630296989e-08 -6.0478803960e-08 -5.5924672252e-08
-2.4000000000e+01 -8.5875583954e-08 -8.2036665952e-08 -6.2307467412e-08 -5.7661572849e-08
-2.3500000000e+01 -8.8250812378e-08 -8.4224488171e-08 -6.3964529189e-08 -5.9235193067e-08
-2.3000000000e+01 -9.0396501637e-08 -8.6182628668e-08 -6.5440720872e-08 -6.0635588591e-08
-2.2500000000e+01 -9.2306890145e-08 -8.7905494178e-08 -6.6731165305e-08 -6.1857124615e-08
-2.2000000000e+01 -9.3980831439e-08 -8.9392055088e-08 -6.7834642289e-08 -6.2897818267e-08
-2.1500000000e+01 -9.5421014554e-08 -9.0645086590e-08 -6.8753010789e-08 -6.3758809309e-08
-2.1000000000e+01 -9.6633351239e-08 -9.1670565521e-08 -6.9490740908e-08 -6.4443918686e-08
-2.0500000000e+01 -9.7626479959e-08 -9.2477175424e-08 -7.0054521142e-08 -6.4959265793e-08
-2.0000000000e+01 -9.8411349161e-08 -9.3075884602e-08 -7.0452915748e-08 -6.5312923742e-08
-1.9500000000e+01 -9.9000851627e-08 -9.3479571033e-08 -7.0696053908e-08 -6.5514598180e-08
-1.9000000000e+01 -9.9409488800e-08 -9.3702674889e-08 -7.0795337590e-08 -6.5575319755e-08
-1.8500000000e+01 -9.9653049326e-08 -9.3760864609e-08 -7.0763158811e-08 -6.5507143707e-08
-1.8000000000e+01 -9.9748290355e-08 -9.3670706636e-08 -7.0612620103e-08 -6.5322852655e-08
-1.7500000000e+01 -9.9712613784e-08 -9.3449332377e-08 -7.0357254461e-08 -6.5035660704e-08
-1.7000000000e+01 -9.9563732797e-08 -9.3114099010e-08 -7.0010743236e-08 -6.4658918759e-08
-1.6500000000e+01 -9.9319327156e-08 -9.2682243612e-08 -6.9586632412e-08 -6.4205822465e-08
-1.6000000000e+01 -9.8996688659e-08 -9.2170532801e-08 -6.9098049627e-08 -6.3689125724e-08
-1.5500000000e+01 -9.8612361139e-08 -9.1594912773e-08 -6.8557426089e-08 -6.3120864066e-08
-1.5000000000e+01 -9.8181782218e-08 -9.0970167089e-08 -6.7976229252e-08 -6.2512093512e-08
-1.4500000000e+01 -9.7718936643e-08 -9.0309591819e-08 -6.7364713583e-08 -6.1872651654e-08
-1.4000000000e+01 -9.7236033207e-08 -8.9624699390e-08 -6.6731697883e-08 -6.1210948500e-08
-1.3500000000e+01 -9.6743218695e-08 -8.8924963590e-08 -6.6084378215e-08 -6.0533795020e-08
-1.3000000000e+01 -9.6248342775e-08 -8.8217618230e-08 -6.5428185430e-08 -5.9846277100e-08
-1.2500000000e+01 -9.5756786952e-08 -8.7507520929e-08 -6.4766695261e-08 -5.9151681632e-08
-1.2000000000e+01 -9.5271368602e-08 -8.6797091231e-08 -6.4101597208e-08 -5.8451479740e-08
-1.1500000000e+01 -9.4792327688e-08 -8.6086328806e-08 -6.3432725701e-08 -5.7745369695e-08
-1.1000000000e+01 -9.4317399338e-08 -8.5372913232e-08 -6.2758153871e-08 -5.7031379140e-08
-1.0500000000e+01 -9.3841970548e-08 -8.4652382201e-08 -6.2074346701e-08 -5.6306023057e-08
-1.0000000000e+01 -9.3359314348e-08 -8.3918380473e-08 -6.1376367065e-08 -5.5564510959e-08
-9.5000000000e+00 -9.2860890530e-08 -8.3162968097e-08 -6.0658125347e-08 -5.4800994279e-08
-9.0000000000e+00 -9.2336698887e-08 -8.2376973704e-08 -5.9912661442e-08 -5.4008843228e-08
-8.5000000000e+00 -9.1775669195e-08 -8.1550377362e-08 -5.9132447005e-08 -5.3180941571e-08
-8.0000000000e+00 -9.1166071913e-08 -8.0672707477e-08 -5.8309695961e-08 -5.2309987899e-08
-7.5000000000e+00 -9.0495934622e-08 -7.9733437448e-08 -5.7436672191e-08 -5.1388792780e-08
-7.0000000000e+00 -8.9753451233e-08 -7.8722369808e-08 -5.6505984918e-08 -5.0410562581e-08
-6.5000000000e+00 -8.8927373612e-08 -7.7629998121e-08 -5.5510864159e-08 -4.9369162385e-08
-6.0000000000e+00 -8.8007378016e-08 -7.6447839484e-08 -5.4445410530e-08 -4.8259352108e-08
-5.5000000000e+00 -8.6984401360e-08 -7.5168732869e-08 -5.3304815435e-08 -4.7076991461e-08
-5.0000000000e+00 -8.5850944513e-08 -7.3787100503e-08 -5.2085549046e-08 -4.5819210615e-08
-4.5000000000e+00 -8.4601341499e-08 -7.2299170886e-08 -5.0785514531e-08 -4.4484544358e-08
-4.0000000000e+00 -8.3231994566e-08 -7.0703162947e-08 -4.9404167564e-08 -4.3073028101e-08
-3.5000000000e+00 -8.1741575521e-08 -6.8999431122e-08 -4.7942600398e-08 -4.1586254322e-08
-3.0000000000e+00 -8.0131193755e-08 -6.7190571053e-08 -4.6403589688e-08 -4.0027388044e-08
-2.5000000000e+00 -7.8404530790e-08 -6.5281485053e-08 -4.4791606894e-08 -3.8401139674e-08
-2.0000000000e+00 -7.6567940230e-08 -6.3279405608e-08 -4.3112789520e-08 -3.6713693098e-08
-1.5000000000e+00 -7.4630510575e-08 -6.1193874072e-08 -4.1374870700e-08 -3.4972586248e-08
-1.0000000000e+00 -7.2604086518e-08 -5.9036670283e-08 -3.9587063747e-08 -3.3186540557e-08
-5.0000000000e-01 -7.1429140066e-08 -5.8070902891e-08 -3.8927294710e-08 -3.2617608072e-08
0.0000000000e+00 -7.1079444220e-08 -5.8253341180e-08 -3.9351326715e-08 -3.3215028867e-08
5.0000000000e-01 -7.0636540793e-08 -5.8336209179e-08 -3.9689936107e-08 -3.3722786613e-08
1.0000000000e+00 -7.0119101697e-08 -5.8334688328e-08 -3.9953841429e-08 -3.4150877733e-08
1.5000000000e+00 -6.9549897621e-08 -5.8267842228e-08 -4.0156689655e-08 -3.4511970066e-08
2.0000000000e+00 -6.8955735958e-08 -5.8158638783e-08 -4.0315110250e-08 -3.4821477707e-08
2.5000000000e+00 -6.8367187593e-08 -5.8033783333e-08 -4.0448630213e-08 -3.5097506921e-08
3.0000000000e+00 -6.7818035867e-08 -5.7923299182e-08 -4.0579402825e-08 -3.5360631706e-08
3.5000000000e+00 -6.7344384826e-08 -5.7859793347e-08 -4.0731702784e-08 -3.5633456640e-08
4.0000000000e+00 -6.6983385060e-08 -5.7877362245e-08 -4.0931151436e-08 -3.5939933436e-08
4.5000000000e+00 -6.6771580346e-08 -5.8010130671e-08 -4.1203662800e-08 -3.6304420668e-08
5.0000000000e+00 -6.6742947803e-08 -5.8290479466e-08 -4.1574145725e-08 -3.6750515368e-08
5.5000000000e+00 -6.6926789177e-08 -5.8747095396e-08 -4.2065055037e-08 -3.7299736603e-08
6.0000000000e+00 -6.7345708428e-08 -5.9403051348e-08 -4.2694940966e-08 -3.7970192742e-08
6.5000000000e+00 -6.8013950315e-08 -6.0274167780e-08 -4.3477180999e-08 -3.8775397350e-08
7.0000000000e+00 -6.8936349639e-08 -6.1367892205e-08 -4.4419072205e-08 -3.9723395946e-08
7.5000000000e+00 -7.0108045934e-08 -6.2682854868e-08 -4.5521408447e-08 -4.0816320273e-08
8.0000000000e+00 -7.1514978110e-08 -6.4209135215e-08 -4.6778578518e-08 -4.2050409031e-08
8.5000000000e+00 -7.3135032952e-08 -6.5929145008e-08 -4.8179126605e-08 -4.3416449048e-08
9.0000000000e+00 -7.4939624974e-08 -6.7818940700e-08 -4.9706645532e-08 -4.4900525865e-08
9.5000000000e+00 -7.6895455122e-08 -6.9849742681e-08 -5.1340843778e-08 -4.6484943985e-08
1.0000000000e+01 -7.8966226631e-08 -7.1989459345e-08 -5.3058638475e-08 -4.8149184942e-08
1.0500000000e+01 -8.1114163165e-08 -7.4204069234e-08 -5.4835164326e-08 -4.9870803568e-08
1.1000000000e+01 -8.3301248988e-08 -7.6458779585e-08 -5.6644634731e-08 -5.1626203534e-08
1.1500000000e+01 -8.5490173451e-08 -7.8718936019e-08 -5.8461032488e-08 -5.3391269922e-08
1.2000000000e+01 -8.7645003804e-08 -8.0950697224e-08 -6.0258636563e-08 -5.5141862928e-08
1.2500000000e+01 -8.9731631790e-08 -8.3121509730e-08 -6.2012407865e-08 -5.6854191938e-08
1.3000000000e+01 -9.1718045688e-08 -8.5200425436e-08 -6.3698263288e-08 -5.8505095252e-08
1.3500000000e+01 -9.3574476311e-08 -8.7158303204e-08 -6.5293267003e-08 -6.0072250785e-08
1.4000000000e+01 -9.5273457850e-08 -8.8967930161e-08 -6.6775764327e-08 -6.1534339928e-08
1.4500000000e+01 -9.6789835641e-08 -9.0604091088e-08 -6.8125478438e-08 -6.2871182256e-08
1.5000000000e+01 -9.8100744760e-08 -9.2043607387e-08 -6.9323585334e-08 -6.4063854347e-08
1.5500000000e+01 -9.9185576662e-08 -9.3265361248e-08 -7.0352778127e-08 -6.5094801999e-08
1.6000000000e+01 -1.0002594605e-07 -9.4250316236e-08 -7.1197328523e-08 -6.5947952045e-08
1.6500000000e+01 -1.0060566684e-07 -9.4981542456e-08 -7.1843150985e-08 -6.6608827734e-08
1.7000000000e+01 -1.0091074406e-07 -9.5444252721e-08 -7.2277873763e-08 -6.7064670246e-08
1.7500000000e+01 -1.0092938799e-07 -9.5625855503e-08 -7.2490920369e-08 -6.7304568273e-08
1.8000000000e+01 -1.0065205708e-07 -9.5516030808e-08 -7.2473605311e-08 -6.7319597652e-08
1.8500000000e+01 -1.0007153767e-07 -9.5106836430e-08 -7.2219248820e-08 -6.7102973781e-08
1.9000000000e+01 -9.9183070793e-08 -9.4392854275e-08 -7.1723316947e-08 -6.6650220956e-08
1.9500000000e+01 -9.7984540006e-08 -9.3371389906e-08 -7.0983595952e-08 -6.5959365020e-08
2.0000000000e+01 -9.6476739257e-08 -9.2042743271e-08 -7.0000413577e-08 -6.5031159004e-08
2.0500000000e+01 -9.4663746592e-08 -9.0410575330e-08 -6.8776924837e-08 -6.3869356040e-08
2.1000000000e+01 -9.2553439321e-08 -8.8482404618e-08 -6.7319487110e-08 -6.2481050324e-08
2.1500000000e+01 -9.0158199181e-08 -8.6270280438e-08 -6.5638158884e-08 -6.0877115736e-08
2.2000000000e+01 -8.7495873350e-08 -8.3791696200e-08 -6.3747369455e-08 -5.9072783626e-08
2.2500000000e+01 -8.4591078975e-08 -8.1070827804e-08 -6.1666823217e-08 -5.7088416476e-08
2.3000000000e+01 -8.1476963665e-08 -7.8140206304e-08 -5.9422721087e-08 -5.4950551794e-08
2.3500000000e+01 -7.8197555409e-08 -7.5042955295e-08 -5.7049398295e-08 -5.2693306617e-08
2.4000000000e+01 -7.4810834083e-08 -7.1835723540e-08 -5.4591478968e-08 -5.0360235428e-08
2.4500000000e+01 -7.1392588824e-08 -6.8592380147e-08 -5.2106602035e-08 -4.8006694736e-08
2.5000000000e+01 -6.8040899777e-08 -6.5408325151e-08 -4.9668613752e-08 -4.5702626450e-08
2.5500000000e+01 -6.4880539986e-08 -6.2404749334e-08 -4.7370734253e-08 -4.3535325494e-08
2.6000000000e+01 -6.2065539229e-08 -5.9731164819e-08 -4.5327446502e-08 -4.1611076467e-08
2.6500000000e+01 -5.9776583542e-08 -5.7563015924e-08 -4.3672719915e-08 -4.0053524646e-08
2.7000000000e+01 -5.8208639563e-08 -5.6089929107e-08 -4.2551239167e-08 -3.8995804562e-08
2.7500000000e+01 -5.7545477153e-08 -5.5491368211e-08 -4.2100213177e-08 -3.8564274576e-08
2.8000000000e+01 -5.7924304468e-08 -5.5902726323e-08 -4.2424046212e-08 -3.8855954425e-08
2.8500000000e+01 -5.9403709109e-08 -5.7384493162e-08 -4.3571370577e-08 -3.9918246973e-08
2.9000000000e+01 -6.1951747799e-08 -5.9910704451e-08 -4.5526605681e-08 -4.1741858762e-08
2.9500000000e+01 -6.5460464902e-08 -6.3382779987e-08 -4.8220587846e-08 -4.4270882432e-08
3.0000000000e+01 -6.9776774021e-08 -6.7659132785e-08 -5.1552979959e-08 -4.7423319841e-08
3.0500000000e+01 -7.4733453205e-08 -7.2584930636e-08 -5.5414677958e-08 -5.1111348264e-08
3.1000000000e+01 -8.0170288562e-08 -7.8012393106e-08 -5.9702979229e-08 -5.5254823125e-08
3.1500000000e+01 -8.5944235047e-08 -8.3810498909e-08 -6.4328685969e-08 -5.9787330871e-08
3.2000000000e+01 -9.1931948950e-08 -8.9867308820e-08 -6.9217576155e-08 -6.4657040260e-08
3.2500000000e+01 -9.8028412151e-08 -9.6088476523e-08 -7.4308945146e-08 -6.9824824188e-08
3.3000000000e+01 -1.0414415293e-07 -1.0239435983e-07 -7.9553043140e-08 -7.5261317799e-08
3.3500000000e+01 -1.1020235673e-07 -1.0871698363e-07 -8.4908358532e-08 -8.0943783878e-08
3.4000000000e+01 -1.1613638930e-07 -1.1499736653e-07 -9.0339142050e-08 -8.6853157039e-08
3.4500000000e+01 -1.2188786250e-07 -1.2118334708e-07 -9.5813286528e-08 -9.2971389746e-08
3.5000000000e+01 -1.2740520634e-07 -1.2722788736e-07 -1.0130056122e-07 -9.9279123379e-08
3.5500000000e+01 -1.3264265731e-07 -1.3308778112e-07 -1.0677116486e-07 -1.0575368022e-07
3.6000000000e+01 -1.3755956778e-07 -1.3872269020e-07 -1.1219456123e-07 -1.1236737458e-07
3.6500000000e+01 -1.4211995317e-07 -1.4409444587e-07 -1.1753857223e-07 -1.1908615232e-07
3.7000000000e+01 -1.4629221041e-07 -1.4916656713e-07 -1.2276871537e-07 -1.2586857823e-07
3.7500000000e+01 -1.5004895555e-07 -1.5390396267e-07 -1.2784778235e-07 -1.3266519700e-07
3.8000000000e+01 -1.5336694141e-07 -1.5827279319e-07 -1.3273566051e-07 -1.3941829425e-07
3.8500000000e+01 -1.5622702521e-07 -1.6224047787e-07 -1.3738940045e-07 -1.4606207982e-07
3.9000000000e+01 -1.5861416377e-07 -1.6577583249e-07 -1.4176353077e-07 -1.5252330643e-07
3.9500000000e+01 -1.6051741932e-07 -1.6884932757e-07 -1.4581061538e-07 -1.5872232368e-07
4.0000000000e+01 -1.6192996276e-07 -1.7143345414e-07 -1.4948204131e-07 -1.6457455146e-07
4.0500000000e+01 -1.6284906462e-07 -1.7350318194e-07 -1.5272901557e-07 -1.6999233836e-07
4.1000000000e+01 -1.6327606579e-07 -1.7503649154e-07 -1.5550373958e-07 -1.7488715162e-07
4.1500000000e+01 -1.6321632216e-07 -1.7601495799e-07 -1.5776071990e-07 -1.7917202671e-07
4.2000000000e+01 -1.6267911832e-07 -1.7642435957e-07 -1.5945816461e-07 -1.8276418696e-07
4.2500000000e+01 -1.6167754656e-07 -1.7625528243e-07 -1.6055940754e-07 -1.8558773043e-07
4.3000000000e+01 -1.6022834850e-07 -1.7550368928e-07 -1.6103429729e-07 -1.8757627066e-07
4.3500000000e+01 -1.5835171719e-07 -1.7417141971e-07 -1.6086048565e-07 -1.8867541386e-07
4.4000000000e+01 -1.5607105869e-07 -1.7226659019e-07 -1.6002455127e-07 -1.8884495612e-07
4.4500000000e+01 -1.5341271271e-07 -1.6980386458e-07 -1.5852289856e-07 -1.8806069190e-07
4.5000000000e+01 -1.5040563336e-07 -1.6680456982e-07 -1.5636238004e-07 -1.8631573890e-07
4.5500000000e+01 -1.4708103160e-07 -1.6329663752e-07 -1.5356060087e-07 -1.8362130358e-07
4.6000000000e+01 -1.4347198273e-07 -1.5931435915e-07 -1.5014587846e-07 -1.8000683636e-07
4.6500000000e+01 -1.3961300326e-07 -1.5489795118e-07 -1.4615684530e-07 -1.7551955327e-07
4.7000000000e+01 -1.3553960282e-07 -1.5009293475e-07 -1.4164170019e-07 -1.7022333072e-07
4.7500000000e+01 -1.3128781833e-07 -1.4494934421e-07 -1.3665712994e-07 -1.6419701090e-07
4.8000000000e+01 -1.2689373855e-07 -1.3952078675e-07 -1.3126693991e-07 -1.5753218404e-07
4.8500000000e+01 -1.2239302846e-07 -1.3386338368e-07 -1.2554044625e-07 -1.5033053964e-07
4.9000000000e+01 -1.1782046368e-07 -1.2803462971e-07 -1.1955069446e-07 -1.4270090039e-07
4.9500000000e+01 -1.1320948556e-07 -1.2209221153e-07 -1.1337257750e-07 -1.3475606683e-07
5.0000000000e+01 -1.0859178810e-07 -1.1609282936e-07 -1.0708093112e-07 -1.2660960963e-07
5.0500000000e+01 -1.0399694719e-07 -1.1009106523e-07 -1.0074868461e-07 -1.1837274636e-07
5.1000000000e+01 -9.9452102655e-08 -1.0413834000e-07 -9.4445141133e-08 -1.1015143295e-07
5.1500000000e+01 -9.4981701886e-08 -9.8281996890e-08 -8.8234454060e-08 -1.0204378583e-07
5.2000000000e+01 -9.0607313134e-08 -9.2564543109e-08 -8.2174354757e-08 -9.4137930770e-08
5.2500000000e+01 -8.6347514263e-08 -8.7023074072e-08 -7.6315173004e-08 -8.6510349725e-08
5.3000000000e+01 -8.2217861044e-08 -8.1688895731e-08 -7.0699175956e-08 -7.9224769118e-08
5.3500000000e+01 -7.8230936773e-08 -7.6587351836e-08 -6.5360235010e-08 -7.2331604086e-08
5.4000000000e+01 -7.4396482685e-08 -7.1737853812e-08 -6.0323813905e-08 -6.5867944796e-08
5.4500000000e+01 -7.0721606316e-08 -6.7154102456e-08 -5.5607256376e-08 -5.9858044706e-08
5.5000000000e+01 -6.7211062679e-08 -6.2844483182e-08 -5.1220338758e-08 -5.4314248100e-08
5.5500000000e+01 -6.3867600950e-08 -5.8812610223e-08 -4.7166042503e-08 -4.9238276220e-08
5.6000000000e+01 -6.0692367278e-08 -5.5057990537e-08 -4.3441494210e-08 -4.4622778820e-08
5.6500000000e+01 -5.7685352310e-08 -5.1576774945e-08 -4.0039016662e-08 -4.0453051182e-08
5.7000000000e+01 -5.4845869864e-08 -4.8362562445e-08 -3.6947233575e-08 -3.6708815992e-08
5.7500000000e+01 -5.2173050662e-08 -4.5407223220e-08 -3.4152173114e-08 -3.3365974651e-08
5.8000000000e+01 -4.9666331770e-08 -4.2701706273e-08 -3.1638320294e-08 -3.0398243425e-08
5.8500000000e+01 -4.7325917916e-08 -4.0236798110e-08 -2.9389575384e-08 -2.7778605261e-08
5.9000000000e+01 -4.5153184778e-08 -3.8003798801e-08 -2.7390083397e-08 -2.5480526785e-08
5.9500000000e+01 -4.3150986624e-08 -3.5995080392e-08 -2.5624907378e-08 -2.3478909930e-08
6.0000000000e+01 -4.1323821947e-08 -3.4204489988e-08 -2.4080524613e-08 -2.1750766591e-08
6.0500000000e+01 -3.9677803370e-08 -3.2627557041e-08 -2.2745129525e-08 -2.0275620661e-08
6.1000000000e+01 -3.8220376426e-08 -3.1261464328e-08 -2.1608730935e-08 -1.9035653615e-08
6.1500000000e+01 -3.6959742788e-08 -3.0104749951e-08 -2.0663036906e-08 -1.8015618021e-08
6.2000000000e+01 -3.5903974863e-08 -2.9156729643e-08 -1.9901131455e-08 -1.7202549784e-08
6.2500000000e+01 -3.5059864928e-08 -2.8416669059e-08 -1.9316967383e-08 -1.6585317580e-08
6.3000000000e+01 -3.4431627673e-08 -2.7882791879e-08 -1.8904728248e-08 -1.6154058328e-08
6.3500000000e+01 -3.4019649394e-08 -2.7551267142e-08 -1.8658143507e-08 -1.5899559164e-08
6.4000000000e+01 -3.3819516396e-08 -2.7415353447e-08 -1.8569860943e-08 -1.5812653615e-08
6.4500000000e+01 -3.3821528510e-08 -2.7464864436e-08 -1.8630975703e-08 -1.5883695522e-08
6.5000000000e+01 -3.4010805264e-08 -2.7686052646e-08 -1.8830780717e-08 -1.6102155606e-08
6.5500000000e+01 -3.4367953554e-08 -2.8061908674e-08 -1.9156749358e-08 -1.6456357259e-08
6.6000000000e+01 -3.4870141429e-08 -2.8572779165e-08 -1.9594709376e-08 -1.6933340819e-08
6.6500000000e+01 -3.5492359127e-08 -2.9197155737e-08 -2.0129137077e-08 -1.7518829526e-08
6.7000000000e+01 -3.6208657967e-08 -2.9912488299e-08 -2.0743499216e-08 -1.8197268773e-08
6.7500000000e+01 -3.6993218556e-08 -3.0695916158e-08 -2.1420589557e-08 -1.8951918987e-08
6.8000000000e+01 -3.7821176759e-08 -3.1524863431e-08 -2.2142833904e-08 -1.9764994210e-08
6.8500000000e+01 -3.8669200571e-08 -3.2377490763e-08 -2.2892560096e-08 -2.0617847307e-08
6.9000000000e+01 -3.9515851264e-08 -3.3233023702e-08 -2.3652242802e-08 -2.1491206329e-08
6.9500000000e+01 -4.0341778791e-08 -3.4071989536e-08 -2.4404737174e-08 -2.2365465407e-08
7.0000000000e+01 -4.1129801740e-08 -3.4876394101e-08 -2.5133513462e-08 -2.3221029410e-08
7.0500000000e+01 -4.1864913989e-08 -3.5629863615e-08 -2.5822899558e-08 -2.4038706235e-08
7.1000000000e+01 -4.2534249374e-08 -3.6317768168e-08 -2.6458332685e-08 -2.4800135303e-08
7.1500000000e+01 -4.3127025461e-08 -3.6927335628e-08 -2.7026616146e-08 -2.5488236255e-08
7.2000000000e+01 -4.3634479225e-08 -3.7447758351e-08 -2.7516173018e-08 -2.6087658438e-08
7.2500000000e+01 -4.4049801358e-08 -3.7870290504e-08 -2.7917285905e-08 -2.6585209579e-08
7.3000000000e+01 -4.4368071883e-08 -3.8188330898e-08 -2.8222310397e-08 -2.6970241240e-08
7.3500000000e+01 -4.4586197166e-08 -3.8397484773e-08 -2.8425849647e-08 -2.7234969322e-08
7.4000000000e+01 -4.4702847121e-08 -3.8495597651e-08 -2.8524878360e-08 -2.7374710011e-08
7.4500000000e+01 -4.4718390850e-08 -3.8482755120e-08 -2.8518806448e-08 -2.7388015265e-08
7.5000000000e+01 -4.4634829116e-08 -3.8361243909e-08 -2.8409475509e-08 -2.7276697028e-08
7.5500000000e+01 -4.4455722503e-08 -3.8135471767e-08 -2.8201084964e-08 -2.7045735703e-08
7.6000000000e+01 -4.4186114882e-08 -3.7811846242e-08 -2.7900048906e-08 -2.6703075483e-08
7.6500000000e+01 -4.3832452468e-08 -3.7398615069e-08 -2.7514789021e-08 -2.6259316481e-08
7.7000000000e+01 -4.3402499288e-08 -3.6905673396e-08 -2.7055473054e-08 -2.5727320441e-08
7.7500000000e+01 -4.2905249880e-08 -3.6344344877e-08 -2.6533711529e-08 -2.5121752322e-08
7.8000000000e+01 -4.2350839380e-08 -3.5727144628e-08 -2.5962227504e-08 -2.4458583638e-08
7.8500000000e+01 -4.1750449564e-08 -3.5067531711e-08 -2.5354514619e-08 -2.3754584471e-08
7.9000000000e+01 -4.1116206939e-08 -3.4379657225e-08 -2.4724497492e-08 -2.3026829368e-08
7.9500000000e+01 -3.9519530575e-08 -3.2732948553e-08 -2.3248223101e-08 -2.1333755030e-08
8.0000000000e+01 -3.8213987674e-08 -3.1421103331e-08 -2.2093110368e-08 -2.0024322379e-08