# # theta_deg rpm_300 rpm_500 rpm_700 rpm_900
-8.4000000000e+01 -2.8129293941e-08 -3.1889441865e-08 -1.7609842169e-08 -9.5445873884e-09
-8.3500000000e+01 -2.9052696797e-08 -3.3166548121e-08 -1.8490839480e-08 -1.0140221082e-08
-8.3000000000e+01 -3.0058784262e-08 -3.4593079584e-08 -1.9490446031e-08 -1.0822237989e-08
-8.2500000000e+01 -3.0284534232e-08 -3.4934695066e-08 -1.9731216786e-08 -1.0983514445e-08
-8.2000000000e+01 -3.0491889935e-08 -3.5250389051e-08 -1.9953205713e-08 -1.1131437209e-08
-8.1500000000e+01 -3.0677560187e-08 -3.5534944723e-08 -2.0152466362e-08 -1.1263160136e-08
-8.1000000000e+01 -3.0838329686e-08 -3.5783256721e-08 -2.0325144617e-08 -1.1375908944e-08
-8.0500000000e+01 -3.0971104395e-08 -3.5990422532e-08 -2.0467560344e-08 -1.1467047263e-08
-8.0000000000e+01 -3.1072958295e-08 -3.6151836213e-08 -2.0576290928e-08 -1.1534144293e-08
-7.9500000000e+01 -3.1141181587e-08 -3.6263283136e-08 -2.0648254845e-08 -1.1575042186e-08
-7.9000000000e+01 -3.1173330479e-08 -3.6321034529e-08 -2.0680793358e-08 -1.1587921243e-08
-7.8500000000e+01 -3.1167278799e-08 -3.6321940663e-08 -2.0671748535e-08 -1.1571361030e-08
-7.8000000000e+01 -3.1121271716e-08 -3.6263521723e-08 -2.0619535879e-08 -1.1524395618e-08
-7.7500000000e+01 -3.1033981895e-08 -3.6144055486e-08 -2.0523210025e-08 -1.1446561295e-08
-7.7000000000e+01 -3.0904568437e-08 -3.5962661121e-08 -2.0382522153e-08 -1.1337935304e-08
-7.6500000000e+01 -3.0732738890e-08 -3.5719378491e-08 -2.0197967996e-08 -1.1199164389e-08
-7.6000000000e+01 -3.0518814565e-08 -3.5415242461e-08 -1.9970825497e-08 -1.1031482204e-08
-7.5500000000e+01 -3.0263799211e-08 -3.5052351730e-08 -1.9703181473e-08 -1.0836714938e-08
-7.5000000000e+01 -2.9969450894e-08 -3.4633931703e-08 -1.9397946818e-08 -1.0617274821e-08
-7.4500000000e+01 -2.9638356543e-08 -3.4164390775e-08 -1.9058860054e-08 -1.0376141564e-08
-7.4000000000e+01 -2.9274008103e-08 -3.3649369206e-08 -1.8690479249e-08 -1.0116832127e-08
-7.3500000000e+01 -2.8880878459e-08 -3.3095779277e-08 -1.8298162482e-08 -9.8433596463e-09
-7.3000000000e+01 -2.8464494150e-08 -3.2511834699e-08 -1.7888037141e-08 -9.5601826967e-09
-7.2500000000e+01 -2.8031500360e-08 -3.1907066133e-08 -1.7466958256e-08 -9.2721464652e-09
-7.2000000000e+01 -2.7589711539e-08 -3.1292318020e-08 -1.7042455839e-08 -8.9844176633e-09
-7.1500000000e+01 -2.7148138370e-08 -3.0679719831e-08 -1.6622670678e-08 -8.7024152186e-09
-7.1000000000e+01 -2.6716978746e-08 -3.0082622302e-08 -1.6216277360e-08 -8.4317388331e-09
-7.0500000000e+01 -2.6307557359e-08 -2.9515486702e-08 -1.5832392469e-08 -8.1780974459e-09
-7.0000000000e+01 -2.5932196432e-08 -2.8993713618e-08 -1.5480465399e-08 -7.9472395233e-09
-6.9500000000e+01 -2.5604000365e-08 -2.8533398309e-08 -1.5170149414e-08 -7.7448870645e-09
-6.9000000000e+01 -2.5336541618e-08 -2.8151004424e-08 -1.4911152340e-08 -7.5766754572e-09
-6.8500000000e+01 -2.5143445831e-08 -2.7862958270e-08 -1.4713070216e-08 -7.4481020588e-09
-6.8000000000e+01 -2.5037891735e-08 -2.7685182588e-08 -1.4585213503e-08 -7.3644877009e-09
-6.7500000000e+01 -2.5032064111e-08 -2.7632609818e-08 -1.4536443375e-08 -7.3309570106e-09
-6.7000000000e+01 -2.5136620649e-08 -2.7718734993e-08 -1.4575042780e-08 -7.3524448823e-09
-6.6500000000e+01 -2.5360247830e-08 -2.7955279400e-08 -1.4708650125e-08 -7.4337366328e-09
-6.6000000000e+01 -2.5709378664e-08 -2.8352030504e-08 -1.4944279492e-08 -7.5795474362e-09
-6.5500000000e+01 -2.6188122733e-08 -2.8916898341e-08 -1.5288439315e-08 -7.7946422847e-09
-6.5000000000e+01 -2.6798420703e-08 -2.9656188864e-08 -1.5747343760e-08 -8.0839916795e-09
-6.4500000000e+01 -2.7540392898e-08 -3.0575052398e-08 -1.6327193011e-08 -8.4529520393e-09
-6.4000000000e+01 -2.8412818166e-08 -3.1678033831e-08 -1.7034485513e-08 -8.9074549562e-09
-6.3500000000e+01 -2.9413664234e-08 -3.2969638752e-08 -1.7876320350e-08 -9.4541867531e-09
-6.3000000000e+01 -3.0540595046e-08 -3.4454836552e-08 -1.8860650796e-08 -1.0100739120e-08
-6.2500000000e+01 -3.1791398592e-08 -3.6139441241e-08 -1.9996457878e-08 -1.0855712197e-08
-6.2000000000e+01 -3.3164301996e-08 -3.8030334774e-08 -2.1293822008e-08 -1.1728752611e-08
-6.1500000000e+01 -3.4658162143e-08 -4.0135519381e-08 -2.2763878967e-08 -1.2730510422e-08
-6.1000000000e+01 -3.6272536123e-08 -4.2464001322e-08 -2.4418652937e-08 -1.3872500989e-08
-6.0500000000e+01 -3.8007645330e-08 -4.5025518593e-08 -2.6270764356e-08 -1.5166860891e-08
-6.0000000000e+01 -3.9864251564e-08 -4.7830130747e-08 -2.8333014934e-08 -1.6625991627e-08
-5.9500000000e+01 -4.1843464346e-08 -5.0887692170e-08 -3.0617857173e-08 -1.8262091056e-08
-5.9000000000e+01 -4.3946497832e-08 -5.4207232327e-08 -3.3136761434e-08 -2.0086579980e-08
-5.8500000000e+01 -4.6174394000e-08 -5.7796268542e-08 -3.5899499936e-08 -2.2109439515e-08
-5.8000000000e+01 -4.8527727096e-08 -6.1660079081e-08 -3.8913373664e-08 -2.4338483069e-08
-5.7500000000e+01 -5.1006302695e-08 -6.5800966480e-08 -4.2182414270e-08 -2.6778594193e-08
-5.7000000000e+01 -5.3608863449e-08 -7.0217542917e-08 -4.5706598183e-08 -2.9430967605e-08
-5.6500000000e+01 -5.6332812327e-08 -7.4904070402e-08 -4.9481113556e-08 -3.2292394792e-08
-5.6000000000e+01 -5.9173963076e-08 -7.9849888443e-08 -5.3495722130e-08 -3.5354637473e-08
-5.5500000000e+01 -6.2126326374e-08 -8.5038960234e-08 -5.7734257127e-08 -3.8603931498e-08
-5.5000000000e+01 -6.5181938902e-08 -9.0449565203e-08 -6.2174294850e-08 -4.2020660485e-08
-5.4500000000e+01 -6.8330741085e-08 -9.6054160936e-08 -6.6787031799e-08 -4.5579232584e-08
-5.4000000000e+01 -7.1560507689e-08 -1.0181943113e-07 -7.1537390878e-08 -4.9248185406e-08
-5.3500000000e+01 -7.4856833752e-08 -1.0770652868e-07 -7.6384370155e-08 -5.2990533753e-08
-5.3000000000e+01 -7.8203176599e-08 -1.1367151442e-07 -8.1281636025e-08 -5.6764362756e-08
-5.2500000000e+01 -8.1580952903e-08 -1.1966598308e-07 -8.6178350266e-08 -6.0523656167e-08
-5.2000000000e+01 -8.4969688113e-08 -1.2563785928e-07 -9.1020208025e-08 -6.4219336543e-08
-5.1500000000e+01 -8.8347214022e-08 -1.3153233780e-07 -9.5750652132e-08 -6.7800481838e-08
-5.1000000000e+01 -9.1689908923e-08 -1.3729293553e-07 -1.0031221900e-07 -7.1215672273e-08
-5.0500000000e+01 -9.4972973793e-08 -1.4286261680e-07 -1.0464796352e-07 -7.4414413018e-08
-5.0000000000e+01 -9.8170737139e-08 -1.4818495029e-07 -1.0870290517e-07 -7.7348572861e-08
-4.9500000000e+01 -1.0125698079e-07 -1.5320525446e-07 -1.1242543585e-07 -7.9973776937e-08
-4.9000000000e+01 -1.0420527872e-07 -1.5787168920e-07 -1.1576863095e-07 -8.2250693015e-08
-4.8500000000e+01 -1.0698934140e-07 -1.6213625483e-07 -1.1869141014e-07 -8.4146155601e-08
-4.8000000000e+01 -1.0958335823e-07 -1.6595566441e-07 -1.2115950147e-07 -8.5634080003e-08
-4.7500000000e+01 -1.1196233188e-07 -1.6929206250e-07 -1.2314617250e-07 -8.6696128913e-08
-4.7000000000e+01 -1.1410239857e-07 -1.7211357107e-07 -1.2463270365e-07 -8.7322106341e-08
-4.6500000000e+01 -1.1598112969e-07 -1.7439465229e-07 -1.2560859177e-07 -8.7510067200e-08
-4.6000000000e+01 -1.1757781090e-07 -1.7611628646e-07 -1.2607148477e-07 -8.7266144505e-08
-4.5500000000e+01 -1.1887369585e-07 -1.7726597213e-07 -1.2602686077e-07 -8.6604109366e-08
-4.5000000000e+01 -1.1985223256e-07 -1.7783756264e-07 -1.2548747638e-07 -8.5544690936e-08
-4.4500000000e+01 -1.2049926113e-07 -1.7783096039e-07 -1.2447261846e-07 -8.4114693533e-08
-4.4000000000e+01 -1.2080318253e-07 -1.7725169452e-07 -1.2300720097e-07 -8.2345955945e-08
-4.3500000000e+01 -1.2075509827e-07 -1.7611041149e-07 -1.2112075359e-07 -8.0274203031e-08
-4.3000000000e+01 -1.2034892198e-07 -1.7442230948e-07 -1.1884635103e-07 -7.7937842093e-08
-4.2500000000e+01 -1.1958146384e-07 -1.7220654767e-07 -1.1621953195e-07 -7.5376756106e-08
-4.2000000000e+01 -1.1845248979e-07 -1.6948566011e-07 -1.1327725372e-07 -7.2631143078e-08
-4.1500000000e+01 -1.1696475786e-07 -1.6628500113e-07 -1.1005692508e-07 -6.9740445732e-08
-4.1000000000e+01 -1.1512403469e-07 -1.6263224632e-07 -1.0659555226e-07 -6.6742409036e-08
-4.0500000000e+01 -1.1293909646e-07 -1.5855696874e-07 -1.0292902746e-07 -6.3672295197e-08
-4.0000000000e+01 -1.1042171950e-07 -1.5409030670e-07 -9.9091580475e-08 -6.0562277241e-08
-3.9500000000e+01 -1.0758666757e-07 -1.4926473590e-07 -9.5115407168e-08 -5.7441023759e-08
-3.9000000000e+01 -1.0445168507e-07 -1.4411395649e-07 -9.1030481102e-08 -5.4333479350e-08
-3.8500000000e+01 -1.0103750817e-07 -1.3867290467e-07 -8.6864549342e-08 -5.1260838215e-08
-3.8000000000e+01 -9.7367909749e-08 -1.3297789954e-07 -8.2643309379e-08 -4.8240702692e-08
-3.7500000000e+01 -9.3469799177e-08 -1.2706693967e-07 -7.8390762630e-08 -4.5287414698e-08
-3.7000000000e+01 -8.9373404344e-08 -1.2098017015e-07 -7.4129741107e-08 -4.2412546278e-08
-3.6500000000e+01 -8.5112571895e-08 -1.1476055102e-07 -6.9882608000e-08 -3.9625536006e-08
-3.6000000000e+01 -8.0725231606e-08 -1.0845477078e-07 -6.5672139949e-08 -3.6934460867e-08
-3.5500000000e+01 -7.6254081500e-08 -1.0211446330e-07 -6.1522607681e-08 -3.4346937846e-08
-3.5000000000e+01 -7.1747557880e-08 -9.5797797380e-08 -5.7461079497e-08 -3.1871154303e-08
-3.4500000000e+01 -6.7261149674e-08 -8.9571503502e-08 -5.3518971269e-08 -2.9517027138e-08
-3.4000000000e+01 -6.2859078118e-08 -8.3513353719e-08 -4.9733840669e-08 -2.7297478917e-08
-3.3500000000e+01 -5.8616248060e-08 -7.7714961510e-08 -4.6151338867e-08 -2.5229776265e-08
-3.3000000000e+01 -5.4620110476e-08 -7.2284420613e-08 -4.2827031768e-08 -2.3336770526e-08
-3.2500000000e+01 -5.0971557188e-08 -6.7347623760e-08 -3.9827407753e-08 -2.1647670632e-08
-3.2000000000e+01 -4.7783158195e-08 -6.3046043781e-08 -3.7228769596e-08 -2.0197645769e-08
-3.1500000000e+01 -4.5172235087e-08 -5.9527697380e-08 -3.5112084532e-08 -1.9025217049e-08
-3.1000000000e+01 -4.3246475372e-08 -5.6928304554e-08 -3.3552034187e-08 -1.8166479086e-08
-3.0500000000e+01 -4.2082716052e-08 -5.5343505601e-08 -3.2600756994e-08 -1.7646391381e-08
-3.0000000000e+01 -4.1705423905e-08 -5.4800728540e-08 -3.2271306333e-08 -1.7469813114e-08
-2.9500000000e+01 -4.2075892997e-08 -5.5245149924e-08 -3.2529287875e-08 -1.7616826566e-08
-2.9000000000e+01 -4.3099521960e-08 -5.6549341805e-08 -3.3298320085e-08 -1.8045421507e-08
-2.8500000000e+01 -4.4647592412e-08 -5.8541844231e-08 -3.4476570269e-08 -1.8700132240e-08
-2.8000000000e+01 -4.6582196565e-08 -6.1039764500e-08 -3.5955678550e-08 -1.9522016644e-08
-2.7500000000e+01 -4.8774796371e-08 -6.3872967925e-08 -3.7634808534e-08 -2.0456096466e-08
-2.7000000000e+01 -5.1115648835e-08 -6.6896291622e-08 -3.9427737515e-08 -2.1455127192e-08
-2.6500000000e+01 -5.3516137412e-08 -6.9992491074e-08 -4.1264563592e-08 -2.2480522603e-08
-2.6000000000e+01 -5.5907211571e-08 -7.3070126047e-08 -4.3090479343e-08 -2.3501729287e-08
-2.5500000000e+01 -5.8236350396e-08 -7.6059546337e-08 -4.4863449894e-08 -2.4495023575e-08
-2.5000000000e+01 -6.0464372041e-08 -7.8908698811e-08 -4.6551793491e-08 -2.5442257788e-08
-2.4500000000e+01 -6.2562641451e-08 -8.1579469534e-08 -4.8132075654e-08 -2.6329771258e-08
-2.4000000000e+01 -6.4510819603e-08 -8.4044741057e-08 -4.9587418053e-08 -2.7147517587e-08
-2.3500000000e+01 -6.6295121093e-08 -8.6286116297e-08 -5.0906191203e-08 -2.7888390242e-08
-2.3000000000e+01 -6.7906989873e-08 -8.8292187719e-08 -5.2081018830e-08 -2.8547707361e-08
-2.2500000000e+01 -6.9342097766e-08 -9.0057225144e-08 -5.3108019449e-08 -2.9122816035e-08
-2.2000000000e+01 -7.0599583537e-08 -9.1580173758e-08 -5.3986221962e-08 -2.9612782712e-08
-2.1500000000e+01 -7.1681467221e-08 -9.2863876684e-08 -5.4717105830e-08 -3.0018144000e-08
-2.1000000000e+01 -7.2592189799e-08 -9.3914457058e-08 -5.5304228583e-08 -3.0340698831e-08
-2.0500000000e+01 -7.3338240594e-08 -9.4740810977e-08 -5.5752913265e-08 -3.0583328263e-08
-2.0000000000e+01 -7.3927844218e-08 -9.5354175224e-08 -5.6069975740e-08 -3.0749833179e-08
-1.9500000000e+01 -7.4370685890e-08 -9.5767743001e-08 -5.6263477323e-08 -3.0844783075e-08
-1.9000000000e+01 -7.4677659279e-08 -9.5996307943e-08 -5.6342492274e-08 -3.0873371266e-08
-1.8500000000e+01 -7.4860625011e-08 -9.6055922019e-08 -5.6316882782e-08 -3.0841273451e-08
-1.8000000000e+01 -7.4932171271e-08 -9.5963557179e-08 -5.6197076503e-08 -3.0754507789e-08
-1.7500000000e+01 -7.4905370581e-08 -9.5736764170e-08 -5.5993843674e-08 -3.0619295582e-08
-1.7000000000e+01 -7.4793529310e-08 -9.5393325036e-08 -5.5718072604e-08 -3.0441922539e-08
-1.6500000000e+01 -7.4609928716e-08 -9.4950898778e-08 -5.5380543868e-08 -3.0228601276e-08
-1.6000000000e+01 -7.4367558617e-08 -9.4426662425e-08 -5.4991705101e-08 -2.9985336426e-08
-1.5500000000e+01 -7.4078846946e-08 -9.3836952499e-08 -5.4561449683e-08 -2.9717794411e-08
-1.5000000000e+01 -7.3755390640e-08 -9.3196914431e-08 -5.4098903993e-08 -2.9431180493e-08
-1.4500000000e+01 -7.3407695218e-08 -9.2520169747e-08 -5.3612229051e-08 -2.9130126286e-08
-1.4000000000e+01 -7.3044932079e-08 -9.1818512675e-08 -5.3108443301e-08 -2.8818591288e-08
-1.3500000000e+01 -7.2674723615e-08 -9.1101648900e-08 -5.2593273735e-08 -2.8499782155e-08
-1.3000000000e+01 -7.2302966594e-08 -9.0376989298e-08 -5.2071042494e-08 -2.8176093364e-08
-1.2500000000e+01 -7.1933703673e-08 -8.9649510394e-08 -5.1544595330e-08 -2.7849072408e-08
-1.2000000000e+01 -7.1569051298e-08 -8.8921690958e-08 -5.1015276830e-08 -2.7519411903e-08
-1.1500000000e+01 -7.1209189733e-08 -8.8193530650e-08 -5.0482955225e-08 -2.7186969795e-08
-1.1000000000e+01 -7.0852417579e-08 -8.7462652249e-08 -4.9946097017e-08 -2.6850817481e-08
-1.0500000000e+01 -7.0495269487e-08 -8.6724484221e-08 -4.9401888860e-08 -2.6509314188e-08
-1.0000000000e+01 -7.0132692075e-08 -8.5972515764e-08 -4.8846401541e-08 -2.6160204516e-08
-9.5000000000e+00 -6.9758269829e-08 -8.5198612573e-08 -4.8274788638e-08 -2.5800734917e-08
-9.0000000000e+00 -6.9364490469e-08 -8.4393378785e-08 -4.7681510948e-08 -2.5427784033e-08
-8.5000000000e+00 -6.8943037902e-08 -8.3546549203e-08 -4.7060577037e-08 -2.5038001485e-08
-8.0000000000e+00 -6.8485100751e-08 -8.2647395913e-08 -4.6405790353e-08 -2.4627949713e-08
-7.5000000000e+00 -6.7981685183e-08 -8.1685134643e-08 -4.5710994104e-08 -2.4194243876e-08
-7.0000000000e+00 -6.7423922315e-08 -8.0649318316e-08 -4.4970306337e-08 -2.3733685480e-08
-6.5000000000e+00 -6.6803362408e-08 -7.9530207800e-08 -4.4178339160e-08 -2.3243386156e-08
-6.0000000000e+00 -6.6112250136e-08 -7.8319112548e-08 -4.3330397546e-08 -2.2720878834e-08
-5.5000000000e+00 -6.5343777196e-08 -7.7008696248e-08 -4.2422654571e-08 -2.2164214233e-08
-5.0000000000e+00 -6.4492310145e-08 -7.5593244595e-08 -4.1452301021e-08 -2.1572041215e-08
-4.5000000000e+00 -6.3553592632e-08 -7.4068893771e-08 -4.0417668133e-08 -2.0943669946e-08
-4.0000000000e+00 -6.2524921980e-08 -7.2433819108e-08 -3.9318322703e-08 -2.0279117099e-08
-3.5000000000e+00 -6.1405300433e-08 -7.0688383717e-08 -3.8155134002e-08 -1.9579132424e-08
-3.0000000000e+00 -6.0195561380e-08 -6.8835246778e-08 -3.6930311832e-08 -1.8845206039e-08
-2.5000000000e+00 -5.8898470426e-08 -6.6879430599e-08 -3.5647414805e-08 -1.8079555641e-08
-2.0000000000e+00 -5.7518800480e-08 -6.4828344702e-08 -3.4311327456e-08 -1.7285092650e-08
-1.5000000000e+00 -5.6063378937e-08 -6.2691763993e-08 -3.2928204203e-08 -1.6465365985e-08
-1.0000000000e+00 -5.4541103678e-08 -6.0481756654e-08 -3.1505377462e-08 -1.5624481764e-08
-5.0000000000e-01 -5.3658469114e-08 -5.9492349424e-08 -3.0980300060e-08 -1.5356623918e-08
0.0000000000e+00 -5.3395773193e-08 -5.9679253397e-08 -3.1317766069e-08 -1.5637894282e-08
5.0000000000e-01 -5.3063058563e-08 -5.9764149820e-08 -3.1587248463e-08 -1.5876950583e-08
1.0000000000e+00 -5.2674351801e-08 -5.9762591742e-08 -3.1797277598e-08 -1.6078499217e-08
1.5000000000e+00 -5.2246758535e-08 -5.9694109398e-08 -3.1958714424e-08 -1.6248504299e-08
2.0000000000e+00 -5.1800416815e-08 -5.9582232896e-08 -3.2084793507e-08 -1.6394222907e-08
2.5000000000e+00 -5.1358291875e-08 -5.9454321262e-08 -3.2191055412e-08 -1.6524179611e-08
3.0000000000e+00 -5.0945762186e-08 -5.9341132705e-08 -3.2295130837e-08 -1.6648060809e-08
3.5000000000e+00 -5.0589949561e-08 -5.9276072388e-08 -3.2416338809e-08 -1.6776508913e-08
4.0000000000e+00 -5.0318761994e-08 -5.9294071334e-08 -3.2575070083e-08 -1.6920800575e-08
4.5000000000e+00 -5.0159651626e-08 -5.9430089636e-08 -3.2791948340e-08 -1.7092404003e-08
5.0000000000e+00 -5.0138142499e-08 -5.9717300745e-08 -3.3086797296e-08 -1.7302428862e-08
5.5000000000e+00 -5.0276246454e-08 -6.0185093618e-08 -3.3477487630e-08 -1.7561006497e-08
6.0000000000e+00 -5.0590943868e-08 -6.0857105912e-08 -3.3978782549e-08 -1.7876662469e-08
6.5000000000e+00 -5.1092935585e-08 -6.1749545337e-08 -3.4601328532e-08 -1.8255759070e-08
7.0000000000e+00 -5.1785853567e-08 -6.2870041703e-08 -3.5350932953e-08 -1.8702084192e-08
7.5000000000e+00 -5.2666046573e-08 -6.4217191727e-08 -3.6228227607e-08 -1.9216641477e-08
8.0000000000e+00 -5.3722951733e-08 -6.5780832022e-08 -3.7228746814e-08 -1.9797660076e-08
8.5000000000e+00 -5.4939957322e-08 -6.7542943828e-08 -3.8343373461e-08 -2.0440802355e-08
9.0000000000e+00 -5.6295589564e-08 -6.9478997516e-08 -3.9559049892e-08 -2.1139517280e-08
9.5000000000e+00 -5.7764833789e-08 -7.1559509013e-08 -4.0859627094e-08 -2.1885473670e-08
1.0000000000e+01 -5.9320423413e-08 -7.3751601181e-08 -4.2226734558e-08 -2.2669011274e-08
1.0500000000e+01 -6.0933980374e-08 -7.6020419794e-08 -4.3640583230e-08 -2.3479562732e-08
1.1000000000e+01 -6.2576946773e-08 -7.8330320438e-08 -4.5080650836e-08 -2.4306018708e-08
1.1500000000e+01 -6.4221294382e-08 -8.0645800475e-08 -4.6526231577e-08 -2.5137025711e-08
1.2000000000e+01 -6.5840030067e-08 -8.2932190230e-08 -4.7956855360e-08 -2.5961218532e-08
1.2500000000e+01 -6.7407531275e-08 -8.5156139398e-08 -4.9352594817e-08 -2.6767396366e-08
1.3000000000e+01 -6.8899750398e-08 -8.7285942335e-08 -5.0694283399e-08 -2.7544654504e-08
1.3500000000e+01 -7.0294324450e-08 -8.9291744596e-08 -5.1963667621e-08 -2.8282483535e-08
1.4000000000e+01 -7.1570620767e-08 -9.1145667196e-08 -5.3143513595e-08 -2.8970846491e-08
1.4500000000e+01 -7.2709742851e-08 -9.2821877704e-08 -5.4217684006e-08 -2.9600242270e-08
1.5000000000e+01 -7.3694514282e-08 -9.4296630159e-08 -5.5171197766e-08 -3.0161761580e-08
1.5500000000e+01 -7.4509453662e-08 -9.5548289837e-08 -5.5990281183e-08 -3.0647139764e-08
1.6000000000e+01 -7.5140749728e-08 -9.6557354333e-08 -5.6662416887e-08 -3.1048809450e-08
1.6500000000e+01 -7.5576243281e-08 -9.7306479344e-08 -5.7176394902e-08 -3.1359954871e-08
1.7000000000e+01 -7.5805421126e-08 -9.7780515727e-08 -5.7522369166e-08 -3.1574569077e-08
1.7500000000e+01 -7.5819426678e-08 -9.7966563741e-08 -5.7691922376e-08 -3.1687514936e-08
1.8000000000e+01 -7.5611092211e-08 -9.7854050782e-08 -5.7678142181e-08 -3.1694590885e-08
1.8500000000e+01 -7.5174998726e-08 -9.7434840236e-08 -5.7475712486e-08 -3.1592602679e-08
1.9000000000e+01 -7.4507571222e-08 -9.6703381385e-08 -5.7081024944e-08 -3.1379443123e-08
1.9500000000e+01 -7.3607219808e-08 -9.5656913841e-08 -5.6492317752e-08 -3.1054182768e-08
2.0000000000e+01 -7.2474540906e-08 -9.4295744892e-08 -5.5709851741e-08 -3.0617176146e-08
2.0500000000e+01 -7.1112597996e-08 -9.2623625110e-08 -5.4736137833e-08 -3.0070190262e-08
2.1000000000e+01 -6.9527308611e-08 -9.0648257068e-08 -5.3576235547e-08 -2.9416565119e-08
2.1500000000e+01 -6.7727974068e-08 -8.8381985008e-08 -5.2238149936e-08 -2.8661420222e-08
2.2000000000e+01 -6.5728001392e-08 -8.5842730542e-08 -5.0733364559e-08 -2.7811926612e-08
2.2500000000e+01 -6.3545883295e-08 -8.3055261340e-08 -4.9077561163e-08 -2.6877671103e-08
2.3000000000e+01 -6.1206520676e-08 -8.0052904744e-08 -4.7291591759e-08 -2.5871147760e-08
2.3500000000e+01 -5.8742987915e-08 -7.6879839919e-08 -4.5402782049e-08 -2.4808419150e-08
2.4000000000e+01 -5.6198840225e-08 -7.3594102265e-08 -4.3446646159e-08 -2.3709991064e-08
2.4500000000e+01 -5.3631011361e-08 -7.0271369040e-08 -4.1469056050e-08 -2.2601925776e-08
2.5000000000e+01 -5.1113180360e-08 -6.7009375460e-08 -3.9528782288e-08 -2.1517152482e-08
2.5500000000e+01 -4.8739078305e-08 -6.3932278788e-08 -3.7700014147e-08 -2.0496770312e-08
2.6000000000e+01 -4.6624414303e-08 -6.1193250871e-08 -3.6073862930e-08 -1.9590818883e-08
2.6500000000e+01 -4.4904921980e-08 -5.8972030513e-08 -3.4756948242e-08 -1.8857511355e-08
2.7000000000e+01 -4.3727062726e-08 -5.7462885808e-08 -3.3864417427e-08 -1.8359528502e-08
2.7500000000e+01 -4.3228886777e-08 -5.6849673473e-08 -3.3505468247e-08 -1.8156360823e-08
2.8000000000e+01 -4.3513466624e-08 -5.7271100716e-08 -3.3763190872e-08 -1.8293685968e-08
2.8500000000e+01 -4.4624814012e-08 -5.8789137912e-08 -3.4676289339e-08 -1.8793821573e-08
2.9000000000e+01 -4.6538932749e-08 -6.1377185234e-08 -3.6232363827e-08 -1.9652392206e-08
2.9500000000e+01 -4.9174725202e-08 -6.4934249456e-08 -3.8376370403e-08 -2.0843076247e-08
3.0000000000e+01 -5.2417190942e-08 -6.9315277858e-08 -4.1028455741e-08 -2.2327268332e-08
3.0500000000e+01 -5.6140710736e-08 -7.4361648284e-08 -4.4101789341e-08 -2.4063620837e-08
3.1000000000e+01 -6.0224929891e-08 -7.9921962963e-08 -4.7514635292e-08 -2.6014401072e-08
3.1500000000e+01 -6.4562391169e-08 -8.5861993499e-08 -5.1196005494e-08 -2.8148341020e-08
3.2000000000e+01 -6.9060437221e-08 -9.2067060645e-08 -5.5086830327e-08 -3.0441038128e-08
3.2500000000e+01 -7.3640177116e-08 -9.8440508694e-08 -5.9138797981e-08 -3.2874071049e-08
3.3000000000e+01 -7.8234398572e-08 -1.0490074599e-07 -6.3312315062e-08 -3.5433614583e-08
3.3500000000e+01 -8.2785397520e-08 -1.1137813357e-07 -6.7574344546e-08 -3.8108963870e-08
3.4000000000e+01 -8.7243117483e-08 -1.1781224627e-07 -7.1896435362e-08 -4.0891142779e-08
3.4500000000e+01 -9.1563696546e-08 -1.2414964586e-07 -7.6253035012e-08 -4.3771654388e-08
3.5000000000e+01 -9.5708394681e-08 -1.3034214305e-07 -8.0620084350e-08 -4.6741384510e-08
3.5500000000e+01 -9.9642833780e-08 -1.3634547396e-07 -8.4973866020e-08 -4.9789656296e-08
3.6000000000e+01 -1.0333647881e-07 -1.4211831309e-07 -8.9290077773e-08 -5.2903435111e-08
3.6500000000e+01 -1.0676229772e-07 -1.4762155739e-07 -9.3543110650e-08 -5.6066688000e-08
3.7000000000e+01 -1.0989654987e-07 -1.5281783290e-07 -9.7705521758e-08 -5.9259906944e-08
3.7500000000e+01 -1.1271866411e-07 -1.5767118934e-07 -1.0174769886e-07 -6.2459807995e-08
3.8000000000e+01 -1.1521117686e-07 -1.6214695911e-07 -1.0563771826e-07 -6.5639218776e-08
3.8500000000e+01 -1.1735970780e-07 -1.6621176389e-07 -1.0934139870e-07 -6.8767164768e-08
3.9000000000e+01 -1.1915295634e-07 -1.6983365613e-07 -1.1282255172e-07 -7.1809160575e-08
3.9500000000e+01 -1.2058270586e-07 -1.7298238353e-07 -1.1604342532e-07 -7.4727706176e-08
4.0000000000e+01 -1.2164382628e-07 -1.7562976377e-07 -1.1896533083e-07 -7.7482980596e-08
4.0500000000e+01 -1.2233426716e-07 -1.7775015390e-07 -1.2154943634e-07 -8.0033716862e-08
4.1000000000e+01 -1.2265503582e-07 -1.7932099551e-07 -1.2375770134e-07 -8.2338233071e-08
4.1500000000e+01 -1.2261015565e-07 -1.8032341264e-07 -1.2555391986e-07 -8.4355585633e-08
4.2000000000e+01 -1.2220660136e-07 -1.8074283546e-07 -1.2690483177e-07 -8.6046802656e-08
4.2500000000e+01 -1.2145420805e-07 -1.8056961969e-07 -1.2778125632e-07 -8.7376148913e-08
4.3000000000e+01 -1.2036555222e-07 -1.7979962922e-07 -1.2815919748e-07 -8.8312369142e-08
4.3500000000e+01 -1.1895580317e-07 -1.7843474865e-07 -1.2802086943e-07 -8.8829854321e-08
4.4000000000e+01 -1.1724254379e-07 -1.7648329314e-07 -1.2735559078e-07 -8.8909676134e-08
4.4500000000e+01 -1.1524556083e-07 -1.7396028548e-07 -1.2616049999e-07 -8.8540438435e-08
4.5000000000e+01 -1.1298660498e-07 -1.7088757466e-07 -1.2444105063e-07 -8.7718900972e-08
4.5500000000e+01 -1.1048912228e-07 -1.6729377597e-07 -1.2221125377e-07 -8.6450339836e-08
4.6000000000e+01 -1.0777795935e-07 -1.6321402030e-07 -1.1949364584e-07 -8.4748620520e-08
4.6500000000e+01 -1.0487904539e-07 -1.5868950848e-07 -1.1631897251e-07 -8.2635972690e-08
4.7000000000e+01 -1.0181905571e-07 -1.5376687594e-07 -1.1272559282e-07 -8.0142469864e-08
4.7500000000e+01 -9.8625061680e-08 -1.4849738174e-07 -1.0875862097e-07 -7.7305231561e-08
4.8000000000e+01 -9.5324173639e-08 -1.4293594527e-07 -1.0446883650e-07 -7.4167379164e-08
4.8500000000e+01 -9.1943183571e-08 -1.3714006156e-07 -9.9911404671e-08 -7.0776788895e-08
4.9000000000e+01 -8.8508215350e-08 -1.3116863265e-07 -9.5144458777e-08 -6.7184695314e-08
4.9500000000e+01 -8.5044390550e-08 -1.2508075729e-07 -9.0227602396e-08 -6.3444205795e-08
5.0000000000e+01 -8.1575518089e-08 -1.1893452359e-07 -8.5220393595e-08 -5.9608790295e-08
5.0500000000e+01 -7.8123815767e-08 -1.1278584962e-07 -8.0180873172e-08 -5.5730810916e-08
5.1000000000e+01 -7.4709671343e-08 -1.0668741493e-07 -7.5164196058e-08 -5.1860152534e-08
5.1500000000e+01 -7.1351450015e-08 -1.0068772156e-07 -7.0221418746e-08 -4.8043009124e-08
5.2000000000e+01 -6.8065354123e-08 -9.4830317229e-08 -6.5398486759e-08 -4.4320870988e-08
5.2500000000e+01 -6.4865339592e-08 -8.9153205356e-08 -6.0735455070e-08 -4.0729746426e-08
5.3000000000e+01 -6.1763092113e-08 -8.3688458194e-08 -5.6265962006e-08 -3.7299638333e-08
5.3500000000e+01 -5.8768064416e-08 -7.8462039853e-08 -5.2016964131e-08 -3.4054282549e-08
5.4000000000e+01 -5.5887574240e-08 -7.3493836903e-08 -4.8008726769e-08 -3.1011141414e-08
5.4500000000e+01 -5.3126960855e-08 -6.8797885511e-08 -4.4255052937e-08 -2.8181633644e-08
5.5000000000e+01 -5.0489796287e-08 -6.4382776343e-08 -4.0763723134e-08 -2.5571571025e-08
5.5500000000e+01 -4.7978145751e-08 -6.0252212102e-08 -3.7537110151e-08 -2.3181763931e-08
5.6000000000e+01 -4.5592870249e-08 -5.6405687677e-08 -3.4572927190e-08 -2.1008751807e-08
5.6500000000e+01 -4.3333962755e-08 -5.2839259671e-08 -3.1865064335e-08 -1.9045611560e-08
5.7000000000e+01 -4.1200907800e-08 -4.9546370398e-08 -2.9404467767e-08 -1.7282796471e-08
5.7500000000e+01 -3.9193052372e-08 -4.6518691043e-08 -2.7180017997e-08 -1.5708960733e-08
5.8000000000e+01 -3.7309973588e-08 -4.3746949060e-08 -2.5179367419e-08 -1.4311729757e-08
5.8500000000e+01 -3.5551825241e-08 -4.1221705427e-08 -2.3389703057e-08 -1.3078383707e-08
5.9000000000e+01 -3.3919640759e-08 -3.8934047263e-08 -2.1798406713e-08 -1.1996430462e-08
5.9500000000e+01 -3.2415564304e-08 -3.6876159895e-08 -2.0393590809e-08 -1.1054053658e-08
6.0000000000e+01 -3.1042975200e-08 -3.5041739820e-08 -1.9164493286e-08 -1.0240430314e-08
6.0500000000e+01 -2.9806465326e-08 -3.3426207062e-08 -1.8101718674e-08 -9.5459201211e-09
6.1000000000e+01 -2.8711627861e-08 -3.2026675438e-08 -1.7197315490e-08 -8.9621339788e-09
6.1500000000e+01 -2.7764624003e-08 -3.0841647266e-08 -1.6444684592e-08 -8.4818932769e-09
6.2000000000e+01 -2.6971517849e-08 -2.9870421530e-08 -1.5838321892e-08 -8.0990944181e-09
6.2500000000e+01 -2.6337411841e-08 -2.9112245909e-08 -1.5373414727e-08 -7.8084966891e-09
6.3000000000e+01 -2.5865472107e-08 -2.8565300604e-08 -1.5045334079e-08 -7.6054564745e-09
6.3500000000e+01 -2.5555988839e-08 -2.8225660878e-08 -1.4849089533e-08 -7.4856362859e-09
6.4000000000e+01 -2.5405646412e-08 -2.8086420319e-08 -1.4778829826e-08 -7.4447204770e-09
6.4500000000e+01 -2.5407157937e-08 -2.8137143226e-08 -1.4827468028e-08 -7.4781675598e-09
6.5000000000e+01 -2.5549345017e-08 -2.8363745632e-08 -1.4986482912e-08 -7.5810202687e-09
6.5500000000e+01 -2.5817639308e-08 -2.8748801779e-08 -1.5245905161e-08 -7.7477811659e-09
6.6000000000e+01 -2.6194889160e-08 -2.9272177243e-08 -1.5594455782e-08 -7.9723487409e-09
6.6500000000e+01 -2.6662306928e-08 -2.9911837165e-08 -1.6019780240e-08 -8.2480013839e-09
6.7000000000e+01 -2.7200399632e-08 -3.0644679477e-08 -1.6508720547e-08 -8.5674158653e-09
6.7500000000e+01 -2.7789771422e-08 -3.1447283908e-08 -1.7047583113e-08 -8.9227110636e-09
6.8000000000e+01 -2.8411744046e-08 -3.2296521965e-08 -1.7622381510e-08 -9.3055132112e-09
6.8500000000e+01 -2.9048790208e-08 -3.3170019718e-08 -1.8219051342e-08 -9.7070430916e-09
6.9000000000e+01 -2.9684804865e-08 -3.4046494201e-08 -1.8823645069e-08 -1.0118227321e-08
6.9500000000e+01 -3.0305252020e-08 -3.4905996052e-08 -1.9422517958e-08 -1.0529835304e-08
7.0000000000e+01 -3.0897224778e-08 -3.5730090652e-08 -2.0002514801e-08 -1.0932641500e-08
7.0500000000e+01 -3.1449450353e-08 -3.6502003424e-08 -2.0551162949e-08 -1.1317610118e-08
7.1000000000e+01 -3.1952263519e-08 -3.7206746350e-08 -2.1056872608e-08 -1.1676096853e-08
7.1500000000e+01 -3.2397564377e-08 -3.7831234665e-08 -2.1509141184e-08 -1.2000060141e-08
7.2000000000e+01 -3.2778770032e-08 -3.8364396179e-08 -2.1898755179e-08 -1.2282272773e-08
7.2500000000e+01 -3.3090765246e-08 -3.8797270979e-08 -2.2217980999e-08 -1.2516523725e-08
7.3000000000e+01 -3.3329854070e-08 -3.9123096295e-08 -2.2460734839e-08 -1.2697799630e-08
7.3500000000e+01 -3.3493712529e-08 -3.9337369791e-08 -2.2622721617e-08 -1.2822435673e-08
7.4000000000e+01 -3.3581341443e-08 -3.9437884254e-08 -2.2701533651e-08 -1.2888226678e-08
7.4500000000e+01 -3.3593018088e-08 -3.9424727367e-08 -2.2696701318e-08 -1.2894490895e-08
7.5000000000e+01 -3.3530245461e-08 -3.9300241831e-08 -2.2609690254e-08 -1.2842081402e-08
7.5500000000e+01 -3.3395698319e-08 -3.9068943290e-08 -2.2443842572e-08 -1.2733343011e-08
7.6000000000e+01 -3.3193165681e-08 -3.8737396131e-08 -2.2204262928e-08 -1.2572015911e-08
7.6500000000e+01 -3.2927490024e-08 -3.8314049979e-08 -2.1897653724e-08 -1.2363090717e-08
7.7000000000e+01 -3.2604503783e-08 -3.7809042190e-08 -2.1532106964e-08 -1.2112622838e-08
7.7500000000e+01 -3.2230963769e-08 -3.7233973598e-08 -2.1116862886e-08 -1.1827516651e-08
7.8000000000e+01 -3.1814483623e-08 -3.6601665659e-08 -2.0662047139e-08 -1.1515291669e-08
7.8500000000e+01 -3.1363463236e-08 -3.5925906885e-08 -2.0178398644e-08 -1.1183843379e-08
7.9000000000e+01 -3.0887012193e-08 -3.5221194762e-08 -1.9676999310e-08 -1.0841210608e-08
7.9500000000e+01 -2.9687568810e-08 -3.3534178324e-08 -1.8502105860e-08 -1.0044098024e-08
8.0000000000e+01 -2.8706828549e-08 -3.2190222049e-08 -1.7582809018e-08 -9.4276069329e-09