# # theta_deg rpm_300 rpm_500 rpm_700 rpm_900
-8.4000000000e+01 -2.8041043818e-08 -2.8509829063e-08 -9.3130102600e-09 -2.2473295626e-08
-8.3500000000e+01 -2.8961549680e-08 -2.9651588809e-08 -9.7789279505e-09 -2.3875750393e-08
-8.3000000000e+01 -2.9964480743e-08 -3.0926937821e-08 -1.0307572442e-08 -2.5481599545e-08
-8.2500000000e+01 -3.0189522467e-08 -3.1232349218e-08 -1.0434904675e-08 -2.5861334502e-08
-8.2000000000e+01 -3.0396227633e-08 -3.1514586254e-08 -1.0552304089e-08 -2.6209627400e-08
-8.1500000000e+01 -3.0581315381e-08 -3.1768984986e-08 -1.0657683595e-08 -2.6519776824e-08
-8.1000000000e+01 -3.0741580497e-08 -3.1990981114e-08 -1.0749004933e-08 -2.6785250561e-08
-8.0500000000e+01 -3.0873938652e-08 -3.2176191689e-08 -1.0824321856e-08 -2.6999841124e-08
-8.0000000000e+01 -3.0975473005e-08 -3.2320498901e-08 -1.0881824305e-08 -2.7157825052e-08
-7.9500000000e+01 -3.1043482260e-08 -3.2420134785e-08 -1.0919882607e-08 -2.7254121561e-08
-7.9000000000e+01 -3.1075530291e-08 -3.2471765740e-08 -1.0937090683e-08 -2.7284446062e-08
-7.8500000000e+01 -3.1069497597e-08 -3.2472575843e-08 -1.0932307306e-08 -2.7245454061e-08
-7.8000000000e+01 -3.1023634852e-08 -3.2420348087e-08 -1.0904694509e-08 -2.7134871220e-08
-7.7500000000e+01 -3.0936618886e-08 -3.2313542769e-08 -1.0853752333e-08 -2.6951605703e-08
-7.7000000000e+01 -3.0807611437e-08 -3.2151372406e-08 -1.0779349191e-08 -2.6695839381e-08
-7.6500000000e+01 -3.0636320972e-08 -3.1933872639e-08 -1.0681747251e-08 -2.6369095051e-08
-7.6000000000e+01 -3.0423067792e-08 -3.1661968656e-08 -1.0561622357e-08 -2.5974277428e-08
-7.5500000000e+01 -3.0168852499e-08 -3.1337536741e-08 -1.0420078127e-08 -2.5515686378e-08
-7.5000000000e+01 -2.9875427642e-08 -3.0963460472e-08 -1.0258653996e-08 -2.4999001642e-08
-7.4500000000e+01 -2.9545372033e-08 -3.0543681046e-08 -1.0079327090e-08 -2.4431239123e-08
-7.4000000000e+01 -2.9182166665e-08 -3.0083240974e-08 -9.8845079548e-09 -2.3820679715e-08
-7.3500000000e+01 -2.8790270388e-08 -2.9588319980e-08 -9.6770302250e-09 -2.3176772581e-08
-7.3000000000e+01 -2.8375192403e-08 -2.9066261295e-08 -9.4601343851e-09 -2.2510015702e-08
-7.2500000000e+01 -2.7943557046e-08 -2.8525585528e-08 -9.2374457357e-09 -2.1831817355e-08
-7.2000000000e+01 -2.7503154250e-08 -2.7975987837e-08 -9.0129465421e-09 -2.1154342870e-08
-7.1500000000e+01 -2.7062966430e-08 -2.7428312224e-08 -8.7909420816e-09 -2.0490351432e-08
-7.1000000000e+01 -2.6633159485e-08 -2.6894494524e-08 -8.5760199311e-09 -1.9853027870e-08
-7.0500000000e+01 -2.6225022577e-08 -2.6387463417e-08 -8.3730014206e-09 -1.9255814220e-08
-7.0000000000e+01 -2.5850839271e-08 -2.5920987350e-08 -8.1868838862e-09 -1.8712245585e-08
-6.9500000000e+01 -2.5523672854e-08 -2.5509455821e-08 -8.0227724802e-09 -1.8235794750e-08
-6.9000000000e+01 -2.5257053206e-08 -2.5167587676e-08 -7.8858012126e-09 -1.7839730570e-08
-6.8500000000e+01 -2.5064563219e-08 -2.4910068381e-08 -7.7810449725e-09 -1.7536996897e-08
-6.8000000000e+01 -2.4959340279e-08 -2.4751133197e-08 -7.7134276213e-09 -1.7340121945e-08
-6.7500000000e+01 -2.4953530937e-08 -2.4704132039e-08 -7.6876354139e-09 -1.7261171951e-08
-6.7000000000e+01 -2.5057759450e-08 -2.4781129749e-08 -7.7080488086e-09 -1.7311766417e-08
-6.6500000000e+01 -2.5280685045e-08 -2.4992605405e-08 -7.7787073959e-09 -1.7503172652e-08
-6.6000000000e+01 -2.5628720550e-08 -2.5347309203e-08 -7.9033205921e-09 -1.7846492814e-08
-6.5500000000e+01 -2.6105962653e-08 -2.5852312882e-08 -8.0853303981e-09 -1.8352946359e-08
-6.5000000000e+01 -2.6714345933e-08 -2.6513254097e-08 -8.3280231927e-09 -1.9034236626e-08
-6.4500000000e+01 -2.7453990336e-08 -2.7334737346e-08 -8.6346779584e-09 -1.9902975619e-08
-6.4000000000e+01 -2.8323678543e-08 -2.8320825852e-08 -9.0087314146e-09 -2.0973129624e-08
-6.3500000000e+01 -2.9321384653e-08 -2.9475547708e-08 -9.4539379303e-09 -2.2260441982e-08
-6.3000000000e+01 -3.0444779941e-08 -3.0803345655e-08 -9.9745036148e-09 -2.3782787777e-08
-6.2500000000e+01 -3.1691659337e-08 -3.2309417537e-08 -1.0575178107e-08 -2.5560416549e-08
-6.2000000000e+01 -3.3060255526e-08 -3.3999915967e-08 -1.1261292460e-08 -2.7616041849e-08
-6.1500000000e+01 -3.4549428982e-08 -3.5881995105e-08 -1.2038735858e-08 -2.9974739874e-08
-6.1000000000e+01 -3.6158738181e-08 -3.7963706739e-08 -1.2913867322e-08 -3.2663624221e-08
-6.0500000000e+01 -3.7888403825e-08 -4.0253756840e-08 -1.3893361203e-08 -3.5711271178e-08
-6.0000000000e+01 -3.9739185322e-08 -4.2761138858e-08 -1.4983987718e-08 -3.9146880813e-08
-5.9500000000e+01 -4.1712188714e-08 -4.5494662821e-08 -1.6192332404e-08 -4.2999173704e-08
-5.9000000000e+01 -4.3808624346e-08 -4.8462401260e-08 -1.7524461392e-08 -4.7295040805e-08
-5.8500000000e+01 -4.6029530929e-08 -5.1671074822e-08 -1.8985542745e-08 -5.2057983244e-08
-5.8000000000e+01 -4.8375480905e-08 -5.5125402385e-08 -2.0579437606e-08 -5.7306398152e-08
-5.7500000000e+01 -5.0846280461e-08 -5.8827442465e-08 -2.2308278127e-08 -6.3051784142e-08
-5.7000000000e+01 -5.3440676192e-08 -6.2775954320e-08 -2.4172051841e-08 -6.9296954245e-08
-5.6500000000e+01 -5.6156079217e-08 -6.6965808068e-08 -2.6168213990e-08 -7.6034353827e-08
-5.6000000000e+01 -5.8988316415e-08 -7.1387473003e-08 -2.8291350046e-08 -8.3244585369e-08
-5.5500000000e+01 -6.1931417254e-08 -7.6026611888e-08 -3.0532910165e-08 -9.0895240366e-08
-5.5000000000e+01 -6.4977443400e-08 -8.0863806075e-08 -3.2881035519e-08 -9.8940130886e-08
-5.4500000000e+01 -6.8116366836e-08 -8.5874432067e-08 -3.5320493302e-08 -1.0731899940e-07
-5.4000000000e+01 -7.1336000682e-08 -9.1028704396e-08 -3.7832732901e-08 -1.1595776586e-07
-5.3500000000e+01 -7.4621985171e-08 -9.6291892935e-08 -4.0396070340e-08 -1.2476934643e-07
-5.3000000000e+01 -7.7957829526e-08 -1.0162471514e-07 -4.2986001974e-08 -1.3365505006e-07
-5.2500000000e+01 -8.1325008722e-08 -1.0698389570e-07 -4.5575641877e-08 -1.4250652878e-07
-5.2000000000e+01 -8.4703112443e-08 -1.1232287812e-07 -4.8136270789e-08 -1.5120822685e-07
-5.1500000000e+01 -8.8070042029e-08 -1.1759266540e-07 -5.0637978304e-08 -1.5964024529e-07
-5.1000000000e+01 -9.1402249883e-08 -1.2274276045e-07 -5.3050374659e-08 -1.6768151320e-07
-5.0500000000e+01 -9.4675014783e-08 -1.2772217217e-07 -5.5343344282e-08 -1.7521313751e-07
-5.0000000000e+01 -9.7862745776e-08 -1.3248044981e-07 -5.7487810590e-08 -1.8212179043e-07
-4.9500000000e+01 -1.0093930694e-07 -1.3696870690e-07 -5.9456480499e-08 -1.8830298873e-07
-4.9000000000e+01 -1.0387835517e-07 -1.4114059732e-07 -6.1224537814e-08 -1.9366412233e-07
-4.8500000000e+01 -1.0665368340e-07 -1.4495320833e-07 -6.2770257095e-08 -1.9812710111e-07
-4.8000000000e+01 -1.0923956201e-07 -1.4836784051e-07 -6.4075513533e-08 -2.0163050714e-07
-4.7500000000e+01 -1.1161107210e-07 -1.5135065029e-07 -6.5126169610e-08 -2.0413116412e-07
-4.7000000000e+01 -1.1374442476e-07 -1.5387313806e-07 -6.5912325429e-08 -2.0560506500e-07
-4.6500000000e+01 -1.1561726173e-07 -1.5591247245e-07 -6.6428426368e-08 -2.0604762997e-07
-4.6000000000e+01 -1.1720893366e-07 -1.5745164947e-07 -6.6673228521e-08 -2.0547329955e-07
-4.5500000000e+01 -1.1850075303e-07 -1.5847949254e-07 -6.6649629004e-08 -2.0391449866e-07
-4.5000000000e+01 -1.1947621977e-07 -1.5899050643e-07 -6.6364374184e-08 -2.0142003529e-07
-4.4500000000e+01 -1.2012121842e-07 -1.5898460388e-07 -6.5827663966e-08 -1.9805302181e-07
-4.4000000000e+01 -1.2042418632e-07 -1.5846672806e-07 -6.5052674163e-08 -1.9388842453e-07
-4.3500000000e+01 -1.2037625292e-07 -1.5744639712e-07 -6.4055021621e-08 -1.8901035974e-07
-4.3000000000e+01 -1.1997135093e-07 -1.5593719856e-07 -6.2852197986e-08 -1.8350925970e-07
-4.2500000000e+01 -1.1920630053e-07 -1.5395626109e-07 -6.1462997965e-08 -1.7747903124e-07
-4.2000000000e+01 -1.1808086842e-07 -1.5152373061e-07 -5.9906966567e-08 -1.7101432294e-07
-4.1500000000e+01 -1.1659780395e-07 -1.4866227443e-07 -5.8203887495e-08 -1.6420800504e-07
-4.1000000000e+01 -1.1476285569e-07 -1.4539663511e-07 -5.6373331593e-08 -1.5714895029e-07
-4.0500000000e+01 -1.1258477228e-07 -1.4175325158e-07 -5.4434280533e-08 -1.4992018564e-07
-4.0000000000e+01 -1.1007529309e-07 -1.3775996215e-07 -5.2404836839e-08 -1.4259746439e-07
-3.9500000000e+01 -1.0724913558e-07 -1.3344580077e-07 -5.0302027373e-08 -1.3524828842e-07
-3.9000000000e+01 -1.0412398847e-07 -1.2884089608e-07 -4.8141703732e-08 -1.2793139128e-07
-3.8500000000e+01 -1.0072052288e-07 -1.2397648177e-07 -4.5938540021e-08 -1.2069667596e-07
-3.8000000000e+01 -9.7062437099e-08 -1.1888502788e-07 -4.3706126424e-08 -1.1358558821e-07
-3.7500000000e+01 -9.3176556081e-08 -1.1360050593e-07 -4.1457156154e-08 -1.0663189693e-07
-3.7000000000e+01 -8.9093012881e-08 -1.0815880647e-07 -3.9203703978e-08 -9.9862849168e-08
-3.6500000000e+01 -8.4845547955e-08 -1.0259833667e-07 -3.6957596726e-08 -9.3300668614e-08
-3.6000000000e+01 -8.0471972083e-08 -9.6960837041e-08 -3.4730879883e-08 -8.6964373005e-08
-3.5500000000e+01 -7.6014849330e-08 -9.1292469338e-08 -3.2536389085e-08 -8.0871896987e-08
-3.5000000000e+01 -7.1522464041e-08 -8.5645237678e-08 -3.0388439474e-08 -7.5042518175e-08
-3.4500000000e+01 -6.7050131057e-08 -8.0078800520e-08 -2.8303645413e-08 -6.9499586505e-08
-3.4000000000e+01 -6.2661870134e-08 -7.4662687704e-08 -2.6301869373e-08 -6.4273528919e-08
-3.3500000000e+01 -5.8432351120e-08 -6.9478803602e-08 -2.4407254094e-08 -5.9405000708e-08
-3.3000000000e+01 -5.4448750631e-08 -6.4623786279e-08 -2.2649185746e-08 -5.4947806713e-08
-3.2500000000e+01 -5.0811643962e-08 -6.0210186473e-08 -2.1062826882e-08 -5.0970721093e-08
-3.2000000000e+01 -4.7633247943e-08 -5.6364483860e-08 -1.9688530419e-08 -4.7556551774e-08
-3.1500000000e+01 -4.5030516091e-08 -5.3219008474e-08 -1.8569116086e-08 -4.4795998998e-08
-3.1000000000e+01 -4.3110798069e-08 -5.0895096834e-08 -1.7744079454e-08 -4.2774049663e-08
-3.0500000000e+01 -4.1950689814e-08 -4.9478253371e-08 -1.7240994067e-08 -4.1549472397e-08
-3.0000000000e+01 -4.1574581347e-08 -4.8992999308e-08 -1.7066763239e-08 -4.1133708421e-08
-2.9500000000e+01 -4.1943888165e-08 -4.9390321335e-08 -1.7203197440e-08 -4.1479860291e-08
-2.9000000000e+01 -4.2964305694e-08 -5.0556296198e-08 -1.7609902100e-08 -4.2489012433e-08
-2.8500000000e+01 -4.4507519380e-08 -5.2337635106e-08 -1.8233022736e-08 -4.4030567585e-08
-2.8000000000e+01 -4.6436054093e-08 -5.4570828155e-08 -1.9015252949e-08 -4.5965743032e-08
-2.7500000000e+01 -4.8621775049e-08 -5.7103771368e-08 -1.9903265154e-08 -4.8165089231e-08
-2.7000000000e+01 -5.0955283549e-08 -5.9806686087e-08 -2.0851460250e-08 -5.0517366173e-08
-2.6500000000e+01 -5.3348241066e-08 -6.2574753258e-08 -2.1822870439e-08 -5.2931720326e-08
-2.6000000000e+01 -5.5731813700e-08 -6.5326223396e-08 -2.2788510673e-08 -5.5336211874e-08
-2.5500000000e+01 -5.8053645311e-08 -6.7998827759e-08 -2.3726150703e-08 -5.7674982035e-08
-2.5000000000e+01 -6.0274676976e-08 -7.0546029756e-08 -2.4619035550e-08 -5.9905301025e-08
-2.4500000000e+01 -6.2366363479e-08 -7.2933754731e-08 -2.5454771831e-08 -6.1995003991e-08
-2.4000000000e+01 -6.4308429606e-08 -7.5137759117e-08 -2.6224433396e-08 -6.3920436097e-08
-2.3500000000e+01 -6.6087133201e-08 -7.7141595535e-08 -2.6921869964e-08 -6.5664864589e-08
-2.3000000000e+01 -6.7693945059e-08 -7.8935065409e-08 -2.7543180572e-08 -6.7217265750e-08
-2.2500000000e+01 -6.9124550585e-08 -8.0513045842e-08 -2.8086312487e-08 -6.8571393144e-08
-2.2000000000e+01 -7.0378091241e-08 -8.1874593807e-08 -2.8550752142e-08 -6.9725048669e-08
-2.1500000000e+01 -7.1456580728e-08 -8.3022251115e-08 -2.8937281952e-08 -7.0679495801e-08
-2.1000000000e+01 -7.2364446093e-08 -8.3961491977e-08 -2.9247783328e-08 -7.1438970231e-08
-2.0500000000e+01 -7.3108156301e-08 -8.4700269692e-08 -2.9485071375e-08 -7.2010255581e-08
-2.0000000000e+01 -7.3695910159e-08 -8.5248630178e-08 -2.9652750679e-08 -7.2402301258e-08
-1.9500000000e+01 -7.4137362503e-08 -8.5618368434e-08 -2.9755084488e-08 -7.2625866405e-08
-1.9000000000e+01 -7.4443372823e-08 -8.5822710280e-08 -2.9796871748e-08 -7.2693178990e-08
-1.8500000000e+01 -7.4625764536e-08 -8.5876006512e-08 -2.9783328103e-08 -7.2617602788e-08
-1.8000000000e+01 -7.4697086334e-08 -8.5793430411e-08 -2.9719968244e-08 -7.2413307902e-08
-1.7500000000e+01 -7.4670369726e-08 -8.5590672710e-08 -2.9612488040e-08 -7.2094942762e-08
-1.7000000000e+01 -7.4558879335e-08 -8.5283630930e-08 -2.9466645802e-08 -7.1677307441e-08
-1.6500000000e+01 -7.4375854752e-08 -8.4888092587e-08 -2.9288142863e-08 -7.1175029906e-08
-1.6000000000e+01 -7.4134245041e-08 -8.4419414305e-08 -2.9082504482e-08 -7.0602248427e-08
-1.5500000000e+01 -7.3846439146e-08 -8.3892201278e-08 -2.8854962800e-08 -6.9972304926e-08
-1.5000000000e+01 -7.3523997621e-08 -8.3319993837e-08 -2.8610344323e-08 -6.9297455501e-08
-1.4500000000e+01 -7.3177393025e-08 -8.2714969913e-08 -2.8352965030e-08 -6.8588605563e-08
-1.4000000000e+01 -7.2815767983e-08 -8.2087673791e-08 -2.8086536642e-08 -6.7855077979e-08
-1.3500000000e+01 -7.2446720975e-08 -8.1446782559e-08 -2.7814087894e-08 -6.7104423017e-08
-1.3000000000e+01 -7.2076130270e-08 -8.0798921695e-08 -2.7537904561e-08 -6.6342278610e-08
-1.2500000000e+01 -7.1708025838e-08 -8.0148540316e-08 -2.7259491627e-08 -6.5572288424e-08
-1.2000000000e+01 -7.1344517488e-08 -7.9497854492e-08 -2.6979560178e-08 -6.4796083265e-08
-1.1500000000e+01 -7.0985784918e-08 -7.8846863923e-08 -2.6698040530e-08 -6.4013328654e-08
-1.1000000000e+01 -7.0630132066e-08 -7.8193443322e-08 -2.6414121688e-08 -6.3221838146e-08
-1.0500000000e+01 -7.0274104456e-08 -7.7533505642e-08 -2.6126315806e-08 -6.2417748439e-08
-1.0000000000e+01 -6.9912664559e-08 -7.6861230089e-08 -2.5832544911e-08 -6.1595749067e-08
-9.5000000000e+00 -6.9539416990e-08 -7.6169344424e-08 -2.5530245959e-08 -6.0749356631e-08
-9.0000000000e+00 -6.9146873034e-08 -7.5449448549e-08 -2.5216489529e-08 -5.9871221711e-08
-8.5000000000e+00 -6.8726742692e-08 -7.4692365163e-08 -2.4888107035e-08 -5.8953455644e-08
-8.0000000000e+00 -6.8270242229e-08 -7.3888503285e-08 -2.4541821416e-08 -5.7987964489e-08
-7.5000000000e+00 -6.7768406028e-08 -7.3028221552e-08 -2.4174376635e-08 -5.6966778441e-08
-7.0000000000e+00 -6.7212393032e-08 -7.2102180057e-08 -2.3782662007e-08 -5.5882366451e-08
-6.5000000000e+00 -6.6593780009e-08 -7.1101671812e-08 -2.3363828131e-08 -5.4727927690e-08
-6.0000000000e+00 -6.5904835966e-08 -7.0018927286e-08 -2.2915392031e-08 -5.3497653291e-08
-5.5000000000e+00 -6.5138773958e-08 -6.8847387663e-08 -2.2435329827e-08 -5.2186953558e-08
-5.0000000000e+00 -6.4289978217e-08 -6.7581944233e-08 -2.1922155860e-08 -5.0792647155e-08
-4.5000000000e+00 -6.3354205746e-08 -6.6219142664e-08 -2.1374987600e-08 -4.9313109831e-08
-4.0000000000e+00 -6.2328762345e-08 -6.4757351663e-08 -2.0793595946e-08 -4.7748380840e-08
-3.5000000000e+00 -6.1212653390e-08 -6.3196895859e-08 -2.0178440614e-08 -4.6100225516e-08
-3.0000000000e+00 -6.0006709655e-08 -6.1540152615e-08 -1.9530690263e-08 -4.4372152426e-08
-2.5000000000e+00 -5.8713688070e-08 -5.9791611979e-08 -1.8852226876e-08 -4.2569383271e-08
-2.0000000000e+00 -5.7338346566e-08 -5.7957898220e-08 -1.8145633650e-08 -4.0698773162e-08
-1.5000000000e+00 -5.5887491122e-08 -5.6047750308e-08 -1.7414165365e-08 -3.8768678237e-08
-1.0000000000e+00 -5.4369991702e-08 -5.4071957450e-08 -1.6661699789e-08 -3.6788766594e-08
-5.0000000000e-01 -5.3490126230e-08 -5.3187406661e-08 -1.6384011256e-08 -3.6158079452e-08
0.0000000000e+00 -5.3228254466e-08 -5.3354502728e-08 -1.6562481021e-08 -3.6820347162e-08
5.0000000000e-01 -5.2896583663e-08 -5.3430401909e-08 -1.6704997478e-08 -3.7383219364e-08
1.0000000000e+00 -5.2509096391e-08 -5.3429008954e-08 -1.6816071925e-08 -3.7857777545e-08
1.5000000000e+00 -5.2082844615e-08 -5.3367784304e-08 -1.6901448205e-08 -3.8258064568e-08
2.0000000000e+00 -5.1637903204e-08 -5.3267764368e-08 -1.6968125452e-08 -3.8601167652e-08
2.5000000000e+00 -5.1197165344e-08 -5.3153408687e-08 -1.7024322333e-08 -3.8907158399e-08
3.0000000000e+00 -5.0785929886e-08 -5.3052215746e-08 -1.7079362889e-08 -3.9198844007e-08
3.5000000000e+00 -5.0431233553e-08 -5.2994050460e-08 -1.7143464036e-08 -3.9501282666e-08
4.0000000000e+00 -5.0160896783e-08 -5.3010141894e-08 -1.7227409479e-08 -3.9841025921e-08
4.5000000000e+00 -5.0002285593e-08 -5.3131745106e-08 -1.7342106102e-08 -4.0245076343e-08
5.0000000000e+00 -4.9980843947e-08 -5.3388517854e-08 -1.7498037729e-08 -4.0739592298e-08
5.5000000000e+00 -5.0118514627e-08 -5.3806734482e-08 -1.7704655316e-08 -4.1348428636e-08
6.0000000000e+00 -5.0432224740e-08 -5.4407527551e-08 -1.7969766422e-08 -4.2091659295e-08
6.5000000000e+00 -5.0932641558e-08 -5.5205387092e-08 -1.8299001464e-08 -4.2984264667e-08
7.0000000000e+00 -5.1623385646e-08 -5.6207134316e-08 -1.8695431687e-08 -4.4035163570e-08
7.5000000000e+00 -5.2500817219e-08 -5.7411514658e-08 -1.9159391218e-08 -4.5246719138e-08
8.0000000000e+00 -5.3554406547e-08 -5.8809441838e-08 -1.9688518370e-08 -4.6614761799e-08
8.5000000000e+00 -5.4767594021e-08 -6.0384806706e-08 -2.0277991535e-08 -4.8129078342e-08
9.0000000000e+00 -5.6118973234e-08 -6.2115679260e-08 -2.0920905138e-08 -4.9774243964e-08
9.5000000000e+00 -5.7583607994e-08 -6.3975700122e-08 -2.1608718731e-08 -5.1530642414e-08
1.0000000000e+01 -5.9134317262e-08 -6.5935476441e-08 -2.2331717025e-08 -5.3375528054e-08
1.0500000000e+01 -6.0742812005e-08 -6.7963847810e-08 -2.3079434526e-08 -5.5284019410e-08
1.1000000000e+01 -6.2380623921e-08 -7.0028947375e-08 -2.3841017979e-08 -5.7229958895e-08
1.1500000000e+01 -6.4019812713e-08 -7.2099035033e-08 -2.4605517066e-08 -5.9186614041e-08
1.2000000000e+01 -6.5633469933e-08 -7.4143115371e-08 -2.5362106128e-08 -6.1127224795e-08
1.2500000000e+01 -6.7196053415e-08 -7.6131372515e-08 -2.6100246525e-08 -6.3025418196e-08
1.3000000000e+01 -6.8683590994e-08 -7.8035460958e-08 -2.6809801978e-08 -6.4855518461e-08
1.3500000000e+01 -7.0073789844e-08 -7.9828690197e-08 -2.7481119084e-08 -6.6592780561e-08
1.4000000000e+01 -7.1346082033e-08 -8.1486135838e-08 -2.8105083657e-08 -6.8213571861e-08
1.4500000000e+01 -7.2481630346e-08 -8.2984703146e-08 -2.8673161438e-08 -6.9695521457e-08
1.5000000000e+01 -7.3463312250e-08 -8.4303162736e-08 -2.9177429639e-08 -7.1017651889e-08
1.5500000000e+01 -7.4275694918e-08 -8.5422172708e-08 -2.9610604008e-08 -7.2160503536e-08
1.6000000000e+01 -7.4905010417e-08 -8.6324297506e-08 -2.9966064701e-08 -7.3106258573e-08
1.6500000000e+01 -7.5339137695e-08 -8.6994030959e-08 -3.0237883295e-08 -7.3838868874e-08
1.7000000000e+01 -7.5567596540e-08 -8.7417829415e-08 -3.0420852672e-08 -7.4344190716e-08
1.7500000000e+01 -7.5581558152e-08 -8.7584160237e-08 -3.0510521323e-08 -7.4610128424e-08
1.8000000000e+01 -7.5373877293e-08 -8.7483571295e-08 -3.0503233632e-08 -7.4626789163e-08
1.8500000000e+01 -7.4939151965e-08 -8.7108788285e-08 -3.0396178168e-08 -7.4386651900e-08
1.9000000000e+01 -7.4273818384e-08 -8.6454848749e-08 -3.0187446648e-08 -7.3884755115e-08
1.9500000000e+01 -7.3376291646e-08 -8.5519284843e-08 -2.9876107337e-08 -7.3118910368e-08
2.0000000000e+01 -7.2247166301e-08 -8.4302371288e-08 -2.9462298177e-08 -7.2089952425e-08
2.0500000000e+01 -7.0889496218e-08 -8.2807461175e-08 -2.8947347076e-08 -7.0802041804e-08
2.1000000000e+01 -6.9309180366e-08 -8.1041440764e-08 -2.8333929773e-08 -6.9263042738e-08
2.1500000000e+01 -6.7515490882e-08 -7.9015346067e-08 -2.7626279761e-08 -6.7485009408e-08
2.2000000000e+01 -6.5521792727e-08 -7.6745199381e-08 -2.6830470149e-08 -6.5484826451e-08
2.2500000000e+01 -6.3346520595e-08 -7.4253143521e-08 -2.5954794271e-08 -6.3285066587e-08
2.3000000000e+01 -6.1014497266e-08 -7.1568973829e-08 -2.5010279764e-08 -6.0915147835e-08
2.3500000000e+01 -5.8558693354e-08 -6.8732187405e-08 -2.4011377898e-08 -5.8412890456e-08
2.4000000000e+01 -5.6022527427e-08 -6.5794669111e-08 -2.2976870409e-08 -5.5826576548e-08
2.4500000000e+01 -5.3462754620e-08 -6.2824076001e-08 -2.1931016800e-08 -5.3217571279e-08
2.5000000000e+01 -5.0952822818e-08 -5.9907785407e-08 -2.0904898038e-08 -5.0663408387e-08
2.5500000000e+01 -4.8586169041e-08 -5.7156796522e-08 -1.9937749309e-08 -4.8260858206e-08
2.6000000000e+01 -4.6478139382e-08 -5.4708048186e-08 -1.9077755062e-08 -4.6127741975e-08
2.6500000000e+01 -4.4764041626e-08 -5.2722230655e-08 -1.8381301347e-08 -4.4401126020e-08
2.7000000000e+01 -4.3589877675e-08 -5.1373023674e-08 -1.7909284133e-08 -4.3228595934e-08
2.7500000000e+01 -4.3093264654e-08 -5.0824799000e-08 -1.7719452937e-08 -4.2750225616e-08
2.8000000000e+01 -4.3376951688e-08 -5.1201563784e-08 -1.7855750209e-08 -4.3073565792e-08
2.8500000000e+01 -4.4484812442e-08 -5.2558720838e-08 -1.8338644679e-08 -4.4251164661e-08
2.9000000000e+01 -4.6392926008e-08 -5.4872489360e-08 -1.9161578668e-08 -4.6272720006e-08
2.9500000000e+01 -4.9020449182e-08 -5.8052579289e-08 -2.0295442053e-08 -4.9076256017e-08
3.0000000000e+01 -5.2252742323e-08 -6.1969310456e-08 -2.1698004195e-08 -5.2570874078e-08
3.0500000000e+01 -5.5964580307e-08 -6.6480871331e-08 -2.3323344563e-08 -5.6659218768e-08
3.1000000000e+01 -6.0035986029e-08 -7.1451909134e-08 -2.5128236910e-08 -6.1252446233e-08
3.1500000000e+01 -6.4359839375e-08 -7.6762420868e-08 -2.7075138996e-08 -6.6276934075e-08
3.2000000000e+01 -6.8843773694e-08 -8.2309880883e-08 -2.9132811702e-08 -7.1675225041e-08
3.2500000000e+01 -7.3409145556e-08 -8.8007876954e-08 -3.1275705203e-08 -7.7403944984e-08
3.3000000000e+01 -7.7988953547e-08 -9.3783464433e-08 -3.3482880431e-08 -8.3430541646e-08
3.3500000000e+01 -8.2525674631e-08 -9.9574384614e-08 -3.5736865670e-08 -8.9729809806e-08
3.4000000000e+01 -8.6969409375e-08 -1.0532661615e-07 -3.8022614499e-08 -9.6280614629e-08
3.4500000000e+01 -9.1276433472e-08 -1.1099238415e-07 -4.0326613413e-08 -1.0306294961e-07
3.5000000000e+01 -9.5408128433e-08 -1.1652860636e-07 -4.2636138671e-08 -1.1005535486e-07
3.5500000000e+01 -9.9330224003e-08 -1.2189570996e-07 -4.4938647290e-08 -1.1723269110e-07
3.6000000000e+01 -1.0301228095e-07 -1.2705674907e-07 -4.7221286961e-08 -1.2456426752e-07
3.6500000000e+01 -1.0642735203e-07 -1.3197676476e-07 -4.9470514321e-08 -1.3201233358e-07
3.7000000000e+01 -1.0955177108e-07 -1.3662234391e-07 -5.1671816127e-08 -1.3953095648e-07
3.7500000000e+01 -1.1236503149e-07 -1.4096134624e-07 -5.3809531867e-08 -1.4706531280e-07
3.8000000000e+01 -1.1484972447e-07 -1.4496277818e-07 -5.5866778622e-08 -1.5455142356e-07
3.8500000000e+01 -1.1699151482e-07 -1.4859679881e-07 -5.7825479531e-08 -1.6191635744e-07
3.9000000000e+01 -1.1877913739e-07 -1.5183484634e-07 -5.9666496250e-08 -1.6907891652e-07
3.9500000000e+01 -1.2020440136e-07 -1.5464987460e-07 -6.1369863522e-08 -1.7595080478e-07
4.0000000000e+01 -1.2126219272e-07 -1.5701668799e-07 -6.2915120757e-08 -1.8243826140e-07
4.0500000000e+01 -1.2195046748e-07 -1.5891236118e-07 -6.4281731593e-08 -1.8844412082e-07
4.1000000000e+01 -1.2227022979e-07 -1.6031672650e-07 -6.5449578211e-08 -1.9387024057e-07
4.1500000000e+01 -1.2222549043e-07 -1.6121290841e-07 -6.6399512986e-08 -1.9862021651e-07
4.2000000000e+01 -1.2182320221e-07 -1.6158788119e-07 -6.7113946224e-08 -2.0260228704e-07
4.2500000000e+01 -1.2107316938e-07 -1.6143302266e-07 -6.7577445595e-08 -2.0573231144e-07
4.3000000000e+01 -1.1998792900e-07 -1.6074463505e-07 -6.7777320748e-08 -2.0793669735e-07
4.3500000000e+01 -1.1858260275e-07 -1.5952440323e-07 -6.7704165605e-08 -2.0915514682e-07
4.4000000000e+01 -1.1687471839e-07 -1.5777976112e-07 -6.7352331282e-08 -2.0934309200e-07
4.4500000000e+01 -1.1488400057e-07 -1.5552413943e-07 -6.6720304448e-08 -2.0847369999e-07
4.5000000000e+01 -1.1263213174e-07 -1.5277707159e-07 -6.5810969235e-08 -2.0653934144e-07
4.5500000000e+01 -1.1014248441e-07 -1.4956414028e-07 -6.4631735441e-08 -2.0355243920e-07
4.6000000000e+01 -1.0743982721e-07 -1.4591675323e-07 -6.3194521506e-08 -1.9954564040e-07
4.6500000000e+01 -1.0455000803e-07 -1.4187174489e-07 -6.1515587364e-08 -1.9457128611e-07
4.7000000000e+01 -1.0149961846e-07 -1.3747080827e-07 -5.9615219284e-08 -1.8870018620e-07
4.7500000000e+01 -9.8315644964e-08 -1.3275977007e-07 -5.7517276034e-08 -1.8201974078e-07
4.8000000000e+01 -9.5025112809e-08 -1.2778772937e-07 -5.5248612497e-08 -1.7463148169e-07
4.8500000000e+01 -9.1654729932e-08 -1.2260608791e-07 -5.2838402971e-08 -1.6664813633e-07
4.9000000000e+01 -8.8230538247e-08 -1.1726750538e-07 -5.0317391391e-08 -1.5819033949e-07
4.9500000000e+01 -8.4777580516e-08 -1.1182481728e-07 -4.7717099266e-08 -1.4938313565e-07
5.0000000000e+01 -8.1319590959e-08 -1.0632995559e-07 -4.5069024031e-08 -1.4035242297e-07
5.0500000000e+01 -7.7878717673e-08 -1.0083291226e-07 -4.2403860712e-08 -1.3122149111e-07
5.1000000000e+01 -7.4475284455e-08 -9.5380783887e-08 -3.9750778135e-08 -1.2210779698e-07
5.1500000000e+01 -7.1127598886e-08 -9.0016932332e-08 -3.7136777659e-08 -1.1312010701e-07
5.2000000000e+01 -6.7851812473e-08 -8.4780290156e-08 -3.4586157691e-08 -1.0435611259e-07
5.2500000000e+01 -6.4661837358e-08 -7.9704833215e-08 -3.2120101405e-08 -9.5900597368e-08
5.3000000000e+01 -6.1569322569e-08 -7.4819234773e-08 -2.9756398519e-08 -8.7824204952e-08
5.3500000000e+01 -5.8583691182e-08 -7.0146707290e-08 -2.7509305080e-08 -8.0182822778e-08
5.4000000000e+01 -5.5712237977e-08 -6.5705029777e-08 -2.5389538456e-08 -7.3017566954e-08
5.4500000000e+01 -5.2960285473e-08 -6.1506750859e-08 -2.3404398409e-08 -6.6355323528e-08
5.5000000000e+01 -5.0331394490e-08 -5.7559550773e-08 -2.1557999676e-08 -6.0209776690e-08
5.5500000000e+01 -4.7827623763e-08 -5.3866739813e-08 -1.9851597113e-08 -5.4582834515e-08
5.6000000000e+01 -4.5449831594e-08 -5.0427866398e-08 -1.8283981341e-08 -4.9466348924e-08
5.6500000000e+01 -4.3198010977e-08 -4.7239405049e-08 -1.6851921115e-08 -4.4844019080e-08
5.7000000000e+01 -4.1071648062e-08 -4.4295493058e-08 -1.5550628300e-08 -4.0693366672e-08
5.7500000000e+01 -3.9070091885e-08 -4.1588684290e-08 -1.4374222326e-08 -3.6987677324e-08
5.8000000000e+01 -3.7192920891e-08 -3.9110688892e-08 -1.3316173129e-08 -3.3697814338e-08
5.8500000000e+01 -3.5440288388e-08 -3.6853068185e-08 -1.2369704535e-08 -3.0793828103e-08
5.9000000000e+01 -3.3813224563e-08 -3.4807853863e-08 -1.1528143377e-08 -2.8246305185e-08
5.9500000000e+01 -3.2313866852e-08 -3.2968059446e-08 -1.0785202878e-08 -2.6027423250e-08
6.0000000000e+01 -3.0945583976e-08 -3.1328049471e-08 -1.0135191496e-08 -2.4111698958e-08
6.0500000000e+01 -2.9712953408e-08 -2.9883729343e-08 -9.5731404130e-09 -2.2476433624e-08
6.1000000000e+01 -2.8621550780e-08 -2.8632518753e-08 -9.0948444661e-09 -2.1101874617e-08
6.1500000000e+01 -2.7677517961e-08 -2.7573078742e-08 -8.6968136824e-09 -1.9971119475e-08
6.2000000000e+01 -2.6886900021e-08 -2.6704782588e-08 -8.3761372115e-09 -1.9069796917e-08
6.2500000000e+01 -2.6254783396e-08 -2.6026957701e-08 -8.1302698634e-09 -1.8385567374e-08
6.3000000000e+01 -2.5784324280e-08 -2.5537977140e-08 -7.9567635698e-09 -1.7907497178e-08
6.3500000000e+01 -2.5475811954e-08 -2.5234332110e-08 -7.8529791375e-09 -1.7625373455e-08
6.4000000000e+01 -2.5325941197e-08 -2.5109848133e-08 -7.8158221111e-09 -1.7529034763e-08
6.4500000000e+01 -2.5327447980e-08 -2.5155195475e-08 -7.8415445490e-09 -1.7607787898e-08
6.5000000000e+01 -2.5469188976e-08 -2.5357782773e-08 -7.9256399790e-09 -1.7849960685e-08
6.5500000000e+01 -2.5736641547e-08 -2.5702031035e-08 -8.0628361014e-09 -1.8242609083e-08
6.6000000000e+01 -2.6112707852e-08 -2.6169939663e-08 -8.2471679927e-09 -1.8771366723e-08
6.6500000000e+01 -2.6578659188e-08 -2.6741809033e-08 -8.4721019248e-09 -1.9420407177e-08
6.7000000000e+01 -2.7115063733e-08 -2.7396985413e-08 -8.7306792619e-09 -2.0172487469e-08
6.7500000000e+01 -2.7702586485e-08 -2.8114530587e-08 -9.0156581142e-09 -2.1009051031e-08
6.8000000000e+01 -2.8322607792e-08 -2.8873767201e-08 -9.3196417225e-09 -2.1910381333e-08
6.8500000000e+01 -2.8957655347e-08 -2.9654692490e-08 -9.6351920959e-09 -2.2855807189e-08
6.9000000000e+01 -2.9591674634e-08 -3.0438279039e-08 -9.9549330409e-09 -2.3823964781e-08
6.9500000000e+01 -3.0210175257e-08 -3.1206691699e-08 -1.0271648507e-08 -2.4793120127e-08
7.0000000000e+01 -3.0800290818e-08 -3.1943449534e-08 -1.0578381327e-08 -2.5741551143e-08
7.0500000000e+01 -3.1350783893e-08 -3.2633555723e-08 -1.0868535309e-08 -2.6647982527e-08
7.1000000000e+01 -3.1852019582e-08 -3.3263610662e-08 -1.1135981161e-08 -2.7492060752e-08
7.1500000000e+01 -3.2295923396e-08 -3.3821916298e-08 -1.1375164559e-08 -2.8254851477e-08
7.2000000000e+01 -3.2675933093e-08 -3.4298573861e-08 -1.1581212921e-08 -2.8919337815e-08
7.2500000000e+01 -3.2986949484e-08 -3.4685573000e-08 -1.1750036316e-08 -2.9470895539e-08
7.3000000000e+01 -3.3225288214e-08 -3.4976867658e-08 -1.1878417307e-08 -2.9897720380e-08
7.3500000000e+01 -3.3388632599e-08 -3.5168432652e-08 -1.1964084431e-08 -3.0191183315e-08
7.4000000000e+01 -3.3475986595e-08 -3.5258294687e-08 -1.2005764377e-08 -3.0346092129e-08
7.4500000000e+01 -3.3487626607e-08 -3.5246532155e-08 -1.2003208786e-08 -3.0360841598e-08
7.5000000000e+01 -3.3425050917e-08 -3.5135239478e-08 -1.1957192761e-08 -3.0237440347e-08
7.5500000000e+01 -3.3290925890e-08 -3.4928453737e-08 -1.1869483788e-08 -2.9981409374e-08
7.6000000000e+01 -3.3089028657e-08 -3.4632043632e-08 -1.1742781478e-08 -2.9601555172e-08
7.6500000000e+01 -3.2824186506e-08 -3.4253563303e-08 -1.1580630413e-08 -2.9109628443e-08
7.7000000000e+01 -3.2502213571e-08 -3.3802075761e-08 -1.1387310070e-08 -2.8519887006e-08
7.7500000000e+01 -3.2129845465e-08 -3.3287952392e-08 -1.1167707173e-08 -2.7848587623e-08
7.8000000000e+01 -3.1714671943e-08 -3.2722655849e-08 -1.0927176698e-08 -2.7113435434e-08
7.8500000000e+01 -3.1265066544e-08 -3.2118513349e-08 -1.0671397949e-08 -2.6333020826e-08
7.9000000000e+01 -3.0790110272e-08 -3.1488485948e-08 -1.0406231623e-08 -2.5526271699e-08
7.9500000000e+01 -2.9594429907e-08 -2.9980257912e-08 -9.7848862043e-09 -2.3649422965e-08
8.0000000000e+01 -2.8616766526e-08 -2.8778732849e-08 -9.2987137085e-09 -2.2197858223e-08