angle_deg       RPM300  RPM500  RPM700  RPM900
-8.4000000000e+01	 9.0563438085e-08	 2.5899820501e-07	 7.1485646106e-07	 1.9618640075e-06
-8.3500000000e+01	 0.0000000000e+00	 0.0000000000e+00	 0.0000000000e+00	 0.0000000000e+00
-8.3000000000e+01	 0.0000000000e+00	 0.0000000000e+00	 0.0000000000e+00	 0.0000000000e+00
-8.2500000000e+01	 0.0000000000e+00	 0.0000000000e+00	 0.0000000000e+00	 0.0000000000e+00
-8.2000000000e+01	 3.5366990050e-08	 1.7883557653e-07	 7.0828361764e-07	 3.7104784717e-06
-8.1500000000e+01	 0.0000000000e+00	 0.0000000000e+00	 0.0000000000e+00	 0.0000000000e+00
-8.1000000000e+01	 0.0000000000e+00	 0.0000000000e+00	 0.0000000000e+00	 0.0000000000e+00
-8.0500000000e+01	 0.0000000000e+00	 0.0000000000e+00	 0.0000000000e+00	 0.0000000000e+00
-8.0000000000e+01	 7.7211167380e-08	 5.7528574120e-07	 9.4056217830e-07	 2.8654769349e-07
-7.9500000000e+01	 0.0000000000e+00	 0.0000000000e+00	 0.0000000000e+00	 0.0000000000e+00
-7.9000000000e+01	 0.0000000000e+00	 0.0000000000e+00	 0.0000000000e+00	 0.0000000000e+00
-7.8500000000e+01	 0.0000000000e+00	 0.0000000000e+00	 0.0000000000e+00	 0.0000000000e+00
-7.8000000000e+01	 5.5704683575e-08	 3.4651431627e-07	 7.7998500874e-07	 4.4608886228e-06
-7.7500000000e+01	 0.0000000000e+00	 0.0000000000e+00	 0.0000000000e+00	 0.0000000000e+00
-7.7000000000e+01	 0.0000000000e+00	 0.0000000000e+00	 0.0000000000e+00	 0.0000000000e+00
-7.6500000000e+01	 0.0000000000e+00	 0.0000000000e+00	 0.0000000000e+00	 0.0000000000e+00
-7.6000000000e+01	 8.4326126805e-08	 4.7020958606e-07	 6.9057213823e-07	 4.8128433369e-06
-7.5500000000e+01	 0.0000000000e+00	 0.0000000000e+00	 0.0000000000e+00	 0.0000000000e+00
-7.5000000000e+01	 0.0000000000e+00	 0.0000000000e+00	 0.0000000000e+00	 0.0000000000e+00
-7.4500000000e+01	 0.0000000000e+00	 0.0000000000e+00	 0.0000000000e+00	 0.0000000000e+00
-7.4000000000e+01	 1.2490718096e-08	 6.3827058954e-07	 1.2335317920e-07	 9.0261088364e-07
-7.3500000000e+01	 0.0000000000e+00	 0.0000000000e+00	 0.0000000000e+00	 0.0000000000e+00
-7.3000000000e+01	 0.0000000000e+00	 0.0000000000e+00	 0.0000000000e+00	 0.0000000000e+00
-7.2500000000e+01	 0.0000000000e+00	 0.0000000000e+00	 0.0000000000e+00	 0.0000000000e+00
-7.2000000000e+01	 6.6417210935e-08	 3.0670818581e-07	 9.4314618236e-07	 4.7677286759e-06
-7.1500000000e+01	 1.2677635363e-07	 4.2859489773e-07	 6.6890421437e-07	 6.4642464631e-06
-7.1000000000e+01	 0.0000000000e+00	 0.0000000000e+00	 0.0000000000e+00	 0.0000000000e+00
-7.0500000000e+01	 0.0000000000e+00	 0.0000000000e+00	 0.0000000000e+00	 0.0000000000e+00
-7.0000000000e+01	 5.5371452290e-08	 2.2682731634e-07	 7.1354660881e-07	 2.0213200488e-06
-6.9500000000e+01	 5.8321008230e-08	 4.5790029670e-07	 9.2978707933e-07	 3.3394895002e-06
-6.9000000000e+01	 0.0000000000e+00	 0.0000000000e+00	 0.0000000000e+00	 0.0000000000e+00
-6.8500000000e+01	 0.0000000000e+00	 0.0000000000e+00	 0.0000000000e+00	 0.0000000000e+00
-6.8000000000e+01	 5.5535029635e-08	 1.4263625743e-07	 6.0736885399e-07	 2.2265762092e-06
-6.7500000000e+01	 4.2207090680e-08	 2.5423020249e-07	 1.4971651100e-08	 5.7348672263e-06
-6.7000000000e+01	 0.0000000000e+00	 0.0000000000e+00	 0.0000000000e+00	 0.0000000000e+00
-6.6500000000e+01	 0.0000000000e+00	 0.0000000000e+00	 0.0000000000e+00	 0.0000000000e+00
-6.6000000000e+01	 3.5449595854e-08	 5.5098466884e-07	 7.9792266634e-07	 5.5235263161e-06
-6.5500000000e+01	 0.0000000000e+00	 0.0000000000e+00	 0.0000000000e+00	 0.0000000000e+00
-6.5000000000e+01	 0.0000000000e+00	 0.0000000000e+00	 0.0000000000e+00	 0.0000000000e+00
-6.4500000000e+01	 6.6986120535e-08	 5.7845890007e-07	 4.5302186063e-07	 1.9662014961e-06
-6.4000000000e+01	 0.0000000000e+00	 0.0000000000e+00	 0.0000000000e+00	 0.0000000000e+00
-6.3500000000e+01	 0.0000000000e+00	 0.0000000000e+00	 0.0000000000e+00	 0.0000000000e+00
-6.3000000000e+01	 1.2290432254e-07	 4.3546801417e-07	 7.9836497341e-07	 5.8087945563e-06
-6.2500000000e+01	 0.0000000000e+00	 0.0000000000e+00	 0.0000000000e+00	 0.0000000000e+00
-6.2000000000e+01	 0.0000000000e+00	 0.0000000000e+00	 0.0000000000e+00	 0.0000000000e+00
-6.1500000000e+01	 4.4445859167e-08	 6.9608003688e-07	 7.8645652610e-07	 5.2974787159e-06
-6.1000000000e+01	 0.0000000000e+00	 0.0000000000e+00	 0.0000000000e+00	 0.0000000000e+00
-6.0500000000e+01	 0.0000000000e+00	 0.0000000000e+00	 0.0000000000e+00	 0.0000000000e+00
-6.0000000000e+01	 0.0000000000e+00	 0.0000000000e+00	 0.0000000000e+00	 0.0000000000e+00
-5.9500000000e+01	 0.0000000000e+00	 0.0000000000e+00	 0.0000000000e+00	 0.0000000000e+00
-5.9000000000e+01	 1.0595997642e-07	 3.0801201907e-07	 2.0641920249e-07	 1.2152242399e-06
-5.8500000000e+01	 0.0000000000e+00	 0.0000000000e+00	 0.0000000000e+00	 0.0000000000e+00
-5.8000000000e+01	 1.9072197817e-08	 6.1933280830e-07	 4.5097895098e-07	 6.7006900265e-06
-5.7500000000e+01	 0.0000000000e+00	 0.0000000000e+00	 0.0000000000e+00	 0.0000000000e+00
-5.7000000000e+01	 4.2720041869e-08	 6.6833579911e-07	 5.5521743029e-07	 4.7910806178e-06
-5.6500000000e+01	 0.0000000000e+00	 0.0000000000e+00	 0.0000000000e+00	 0.0000000000e+00
-5.6000000000e+01	 5.7995656955e-08	 1.4843254610e-07	 9.1216377525e-07	 5.9684085108e-06
-5.5500000000e+01	 0.0000000000e+00	 0.0000000000e+00	 0.0000000000e+00	 0.0000000000e+00
-5.5000000000e+01	 8.3736275220e-08	 6.4514388843e-08	 1.1618783235e-07	 3.9955775367e-06
-5.4500000000e+01	 0.0000000000e+00	 0.0000000000e+00	 0.0000000000e+00	 0.0000000000e+00
-5.4000000000e+01	 1.3478961061e-07	 3.5385899874e-07	 7.4900436524e-08	 8.6117515153e-08
-5.3500000000e+01	 0.0000000000e+00	 0.0000000000e+00	 0.0000000000e+00	 0.0000000000e+00
-5.3000000000e+01	 1.2669750842e-07	 3.0951638407e-07	 6.7965753416e-07	 3.5791061124e-06
-5.2500000000e+01	 0.0000000000e+00	 0.0000000000e+00	 0.0000000000e+00	 0.0000000000e+00
-5.2000000000e+01	 0.0000000000e+00	 0.0000000000e+00	 0.0000000000e+00	 0.0000000000e+00
-5.1500000000e+01	 1.4223741987e-07	 6.1144405017e-07	 8.7899707578e-07	 6.6455312118e-06
-5.1000000000e+01	 0.0000000000e+00	 0.0000000000e+00	 0.0000000000e+00	 0.0000000000e+00
-5.0500000000e+01	 1.5210774122e-07	 3.2089237830e-07	 3.1170203674e-07	 1.8274321858e-06
-5.0000000000e+01	 0.0000000000e+00	 0.0000000000e+00	 0.0000000000e+00	 0.0000000000e+00
-4.9500000000e+01	 1.1749857314e-07	 3.2988814847e-07	 8.4225737478e-07	 1.0818248208e-06
-4.9000000000e+01	 0.0000000000e+00	 0.0000000000e+00	 0.0000000000e+00	 0.0000000000e+00
-4.8500000000e+01	 1.9543926968e-08	 4.7742722541e-07	 8.0011229481e-07	 5.9884005388e-06
-4.8000000000e+01	 0.0000000000e+00	 0.0000000000e+00	 0.0000000000e+00	 0.0000000000e+00
-4.7500000000e+01	 1.0046799298e-07	 7.2804347788e-08	 6.8596892364e-07	 2.8009864616e-06
-4.7000000000e+01	 0.0000000000e+00	 0.0000000000e+00	 0.0000000000e+00	 0.0000000000e+00
-4.6500000000e+01	 1.3377497176e-07	 7.3278594365e-08	 7.6177632199e-07	 4.9439386816e-06
-4.6000000000e+01	 0.0000000000e+00	 0.0000000000e+00	 0.0000000000e+00	 0.0000000000e+00
-4.5500000000e+01	 8.0989019625e-08	 3.5350817389e-07	 4.5984047392e-07	 2.8682868278e-06
-4.5000000000e+01	 0.0000000000e+00	 0.0000000000e+00	 0.0000000000e+00	 0.0000000000e+00
-4.4500000000e+01	 9.6076200975e-08	 2.1570355049e-07	 2.9105082324e-08	 3.3372332480e-06
-4.4000000000e+01	 0.0000000000e+00	 0.0000000000e+00	 0.0000000000e+00	 0.0000000000e+00
-4.3500000000e+01	 0.0000000000e+00	 0.0000000000e+00	 0.0000000000e+00	 0.0000000000e+00
-4.3000000000e+01	 1.0212730110e-07	 5.2110773818e-07	 1.8176487944e-07	 4.7370642068e-06
-4.2500000000e+01	 0.0000000000e+00	 0.0000000000e+00	 0.0000000000e+00	 0.0000000000e+00
-4.2000000000e+01	 0.0000000000e+00	 0.0000000000e+00	 0.0000000000e+00	 0.0000000000e+00
-4.1500000000e+01	 6.2455691910e-08	 3.0633070087e-07	 7.2681148033e-07	 4.2424519502e-06
-4.1000000000e+01	 0.0000000000e+00	 0.0000000000e+00	 0.0000000000e+00	 0.0000000000e+00
-4.0500000000e+01	 0.0000000000e+00	 0.0000000000e+00	 0.0000000000e+00	 0.0000000000e+00
-4.0000000000e+01	 1.1058627097e-08	 5.2158905803e-07	 2.8890604163e-07	 3.2184459670e-06
-3.9500000000e+01	 0.0000000000e+00	 0.0000000000e+00	 0.0000000000e+00	 0.0000000000e+00
-3.9000000000e+01	 0.0000000000e+00	 0.0000000000e+00	 0.0000000000e+00	 0.0000000000e+00
-3.8500000000e+01	 0.0000000000e+00	 0.0000000000e+00	 0.0000000000e+00	 0.0000000000e+00
-3.8000000000e+01	 8.7541381255e-08	 6.7007645678e-07	 5.0392869558e-07	 4.6948178462e-07
-3.7500000000e+01	 1.6427677810e-08	 2.6725502330e-07	 7.5238829371e-07	 2.6718012428e-06
-3.7000000000e+01	 2.1215063211e-08	 4.5714784748e-07	 8.6486568412e-07	 4.6049598919e-06
-3.6500000000e+01	 0.0000000000e+00	 0.0000000000e+00	 0.0000000000e+00	 0.0000000000e+00
-3.6000000000e+01	 0.0000000000e+00	 0.0000000000e+00	 0.0000000000e+00	 0.0000000000e+00
-3.5500000000e+01	 0.0000000000e+00	 0.0000000000e+00	 0.0000000000e+00	 0.0000000000e+00
-3.5000000000e+01	 0.0000000000e+00	 0.0000000000e+00	 0.0000000000e+00	 0.0000000000e+00
-3.4500000000e+01	 0.0000000000e+00	 0.0000000000e+00	 0.0000000000e+00	 0.0000000000e+00
-3.4000000000e+01	 0.0000000000e+00	 0.0000000000e+00	 0.0000000000e+00	 0.0000000000e+00
-3.3500000000e+01	 0.0000000000e+00	 0.0000000000e+00	 0.0000000000e+00	 0.0000000000e+00
-3.3000000000e+01	 0.0000000000e+00	 0.0000000000e+00	 0.0000000000e+00	 0.0000000000e+00
-3.2500000000e+01	 1.3003896865e-07	 2.1430367582e-07	 4.5214503601e-07	 4.9186300318e-06
-3.2000000000e+01	 1.5178406157e-07	 3.9510017472e-07	 5.4620777138e-07	 2.8998467978e-06
-3.1500000000e+01	 5.0077179800e-09	 2.2490240925e-07	 3.4125506170e-07	 2.8787556594e-06
-3.1000000000e+01	 1.1606370801e-08	 3.3026902927e-07	 3.8340119749e-07	 2.5814950708e-06
-3.0500000000e+01	 1.2422497744e-07	 1.9138255615e-07	 9.1767938252e-07	 1.9330074855e-06
-3.0000000000e+01	 1.4185063705e-07	 1.6804761148e-07	 2.1468377185e-07	 6.6056088403e-06
-2.9500000000e+01	 1.4388096096e-07	 3.0223928152e-07	 8.7658188164e-07	 6.2270716143e-06
-2.9000000000e+01	 1.2353276301e-07	 3.0611489577e-07	 4.2851502259e-07	 1.9922626762e-06
-2.8500000000e+01	 1.3564354243e-07	 5.7686083401e-07	 2.1092298977e-07	 4.6062628313e-06
-2.8000000000e+01	 4.2076328619e-08	 4.4430994207e-07	 3.0747801780e-07	 2.9158292414e-06
-2.7500000000e+01	 1.4431094909e-07	 2.6611156978e-07	 8.4528592400e-07	 4.3182033107e-06
-2.7000000000e+01	 6.4257431985e-09	 5.9206172067e-07	 4.3851282461e-07	 5.1567739285e-08
-2.6500000000e+01	 2.6578514199e-08	 4.6675423850e-08	 8.9155946293e-07	 4.5009559679e-06
-2.6000000000e+01	 0.0000000000e+00	 0.0000000000e+00	 0.0000000000e+00	 0.0000000000e+00
-2.5500000000e+01	 0.0000000000e+00	 0.0000000000e+00	 0.0000000000e+00	 0.0000000000e+00
-2.5000000000e+01	 0.0000000000e+00	 0.0000000000e+00	 0.0000000000e+00	 0.0000000000e+00
-2.4500000000e+01	 0.0000000000e+00	 0.0000000000e+00	 0.0000000000e+00	 0.0000000000e+00
-2.4000000000e+01	 0.0000000000e+00	 0.0000000000e+00	 0.0000000000e+00	 0.0000000000e+00
-2.3500000000e+01	 0.0000000000e+00	 0.0000000000e+00	 0.0000000000e+00	 0.0000000000e+00
-2.3000000000e+01	 0.0000000000e+00	 0.0000000000e+00	 0.0000000000e+00	 0.0000000000e+00
-2.2500000000e+01	 0.0000000000e+00	 0.0000000000e+00	 0.0000000000e+00	 0.0000000000e+00
-2.2000000000e+01	 0.0000000000e+00	 0.0000000000e+00	 0.0000000000e+00	 0.0000000000e+00
-2.1500000000e+01	 0.0000000000e+00	 0.0000000000e+00	 0.0000000000e+00	 0.0000000000e+00
-2.1000000000e+01	 0.0000000000e+00	 0.0000000000e+00	 0.0000000000e+00	 0.0000000000e+00
-2.0500000000e+01	 0.0000000000e+00	 0.0000000000e+00	 0.0000000000e+00	 0.0000000000e+00
-2.0000000000e+01	 0.0000000000e+00	 0.0000000000e+00	 0.0000000000e+00	 0.0000000000e+00
-1.9500000000e+01	 0.0000000000e+00	 0.0000000000e+00	 0.0000000000e+00	 0.0000000000e+00
-1.9000000000e+01	 0.0000000000e+00	 0.0000000000e+00	 0.0000000000e+00	 0.0000000000e+00
-1.8500000000e+01	 0.0000000000e+00	 0.0000000000e+00	 0.0000000000e+00	 0.0000000000e+00
-1.8000000000e+01	 0.0000000000e+00	 0.0000000000e+00	 0.0000000000e+00	 0.0000000000e+00
-1.7500000000e+01	 0.0000000000e+00	 0.0000000000e+00	 0.0000000000e+00	 0.0000000000e+00
-1.7000000000e+01	 0.0000000000e+00	 0.0000000000e+00	 0.0000000000e+00	 0.0000000000e+00
-1.6500000000e+01	 0.0000000000e+00	 0.0000000000e+00	 0.0000000000e+00	 0.0000000000e+00
-1.6000000000e+01	 0.0000000000e+00	 0.0000000000e+00	 0.0000000000e+00	 0.0000000000e+00
-1.5500000000e+01	 0.0000000000e+00	 0.0000000000e+00	 0.0000000000e+00	 0.0000000000e+00
-1.5000000000e+01	 6.5391407825e-08	 9.5370810465e-08	 4.2128387973e-07	 0.0000000000e+00
-1.4500000000e+01	 4.5348154940e-08	 4.1772515802e-07	 1.8393719562e-07	 6.2613366948e-06
-1.4000000000e+01	 4.0695987013e-08	 5.0351626815e-07	 3.0435771736e-07	 5.6473535303e-06
-1.3500000000e+01	 9.7163648495e-08	 2.0256099237e-07	 7.4262085143e-07	 4.7173802617e-06
-1.3000000000e+01	 8.8856627785e-08	 1.2788884321e-08	 6.0412960672e-08	 6.1353608095e-06
-1.2500000000e+01	 1.3990916647e-07	 5.9409687470e-07	 9.2259567817e-07	 3.9098415602e-07
-1.2000000000e+01	 6.7762053755e-08	 4.7273072635e-07	 7.8723416731e-07	 1.5157485205e-06
-1.1500000000e+01	 1.4124269323e-07	 3.0197996027e-07	 5.7684748204e-07	 6.9000000000e-06
-1.1000000000e+01	 4.7563179598e-08	 2.5501138963e-07	 5.0696053871e-07	 5.0364530601e-06
-1.0500000000e+01	 3.1174706334e-09	 3.6971955550e-07	 7.6129528359e-07	 3.1652810327e-06
-1.0000000000e+01	 1.2379444292e-07	 6.3391292196e-07	 6.5837266299e-07	 3.0254702945e-06
-9.5000000000e+00	 8.5839339015e-08	 9.4768693961e-08	 9.1073807745e-07	 1.7933258011e-06
-9.0000000000e+00	 7.4754530380e-08	 5.5609072119e-08	 7.9746715453e-07	 1.8591952130e-06
-8.5000000000e+00	 1.2990554832e-07	 6.6361256223e-07	 4.1513268747e-07	 2.1711187712e-06
-8.0000000000e+00	 3.7182865227e-08	 9.4835605960e-08	 8.5285448699e-07	 2.9730427324e-06
-7.5000000000e+00	 5.1343016535e-08	 1.9284612200e-07	 7.5740443684e-07	 2.6995617781e-07
-7.0000000000e+00	 7.7763812735e-08	 2.6102192553e-07	 8.3475917434e-07	 6.9546120628e-07
-6.5000000000e+00	 1.1880741102e-08	 2.5208547903e-07	 7.7279237049e-07	 4.4507835896e-06
-6.0000000000e+00	 0.0000000000e+00	 0.0000000000e+00	 0.0000000000e+00	 0.0000000000e+00
-5.5000000000e+00	 0.0000000000e+00	 0.0000000000e+00	 0.0000000000e+00	 0.0000000000e+00
-5.0000000000e+00	 0.0000000000e+00	 0.0000000000e+00	 0.0000000000e+00	 0.0000000000e+00
-4.5000000000e+00	 0.0000000000e+00	 0.0000000000e+00	 0.0000000000e+00	 0.0000000000e+00
-4.0000000000e+00	 0.0000000000e+00	 0.0000000000e+00	 0.0000000000e+00	 0.0000000000e+00
-3.5000000000e+00	 0.0000000000e+00	 0.0000000000e+00	 0.0000000000e+00	 0.0000000000e+00
-3.0000000000e+00	 0.0000000000e+00	 0.0000000000e+00	 0.0000000000e+00	 0.0000000000e+00
-2.5000000000e+00	 0.0000000000e+00	 0.0000000000e+00	 0.0000000000e+00	 0.0000000000e+00
-2.0000000000e+00	 0.0000000000e+00	 0.0000000000e+00	 0.0000000000e+00	 0.0000000000e+00
-1.5000000000e+00	 0.0000000000e+00	 0.0000000000e+00	 0.0000000000e+00	 0.0000000000e+00
-1.0000000000e+00	 0.0000000000e+00	 0.0000000000e+00	 0.0000000000e+00	 0.0000000000e+00
-5.0000000000e-01	 0.0000000000e+00	 0.0000000000e+00	 0.0000000000e+00	 0.0000000000e+00
 0.0000000000e+00	 0.0000000000e+00	 0.0000000000e+00	 0.0000000000e+00	 0.0000000000e+00
 5.0000000000e-01	 0.0000000000e+00	 0.0000000000e+00	 0.0000000000e+00	 0.0000000000e+00
 1.0000000000e+00	 1.4533380662e-07	 2.0579644074e-07	 4.8898381869e-07	 6.2970329611e-06
 1.5000000000e+00	 8.3989981290e-08	 2.8642868481e-07	 4.8527458014e-07	 2.9529361050e-06
 2.0000000000e+00	 1.4959975728e-08	 2.4843199982e-08	 5.5892751242e-07	 6.9000000000e-06
 2.5000000000e+00	 4.6124751603e-08	 4.5583244240e-07	 6.0761167060e-07	 4.4398371796e-06
 3.0000000000e+00	 5.5693239595e-08	 6.0726407693e-08	 6.9857494197e-07	 1.8717896118e-06
 3.5000000000e+00	 5.7160213945e-10	 1.1086854428e-07	 4.7764741730e-07	 6.9000000000e-06
 4.0000000000e+00	 0.0000000000e+00	 0.0000000000e+00	 0.0000000000e+00	 0.0000000000e+00
 4.5000000000e+00	 0.0000000000e+00	 0.0000000000e+00	 0.0000000000e+00	 0.0000000000e+00
 5.0000000000e+00	 0.0000000000e+00	 0.0000000000e+00	 0.0000000000e+00	 0.0000000000e+00
 5.5000000000e+00	 0.0000000000e+00	 0.0000000000e+00	 0.0000000000e+00	 0.0000000000e+00
 6.0000000000e+00	 0.0000000000e+00	 0.0000000000e+00	 0.0000000000e+00	 0.0000000000e+00
 6.5000000000e+00	 0.0000000000e+00	 0.0000000000e+00	 0.0000000000e+00	 0.0000000000e+00
 7.0000000000e+00	 0.0000000000e+00	 0.0000000000e+00	 0.0000000000e+00	 0.0000000000e+00
 7.5000000000e+00	 0.0000000000e+00	 0.0000000000e+00	 0.0000000000e+00	 0.0000000000e+00
 8.0000000000e+00	 4.7629633284e-08	 3.4692094875e-08	 9.1232365883e-07	 2.7194323763e-06
 8.5000000000e+00	 3.5077992224e-08	 6.3170846559e-07	 4.8058248813e-07	 3.6973520411e-06
 9.0000000000e+00	 5.9247680975e-08	 5.1600738677e-07	 3.2678449010e-07	 1.8151436302e-06
 9.5000000000e+00	 0.0000000000e+00	 0.0000000000e+00	 0.0000000000e+00	 0.0000000000e+00
 1.0000000000e+01	 0.0000000000e+00	 0.0000000000e+00	 0.0000000000e+00	 0.0000000000e+00
 1.0500000000e+01	 0.0000000000e+00	 0.0000000000e+00	 0.0000000000e+00	 0.0000000000e+00
 1.1000000000e+01	 0.0000000000e+00	 0.0000000000e+00	 0.0000000000e+00	 0.0000000000e+00
 1.1500000000e+01	 0.0000000000e+00	 0.0000000000e+00	 0.0000000000e+00	 0.0000000000e+00
 1.2000000000e+01	 0.0000000000e+00	 0.0000000000e+00	 0.0000000000e+00	 0.0000000000e+00
 1.2500000000e+01	 0.0000000000e+00	 0.0000000000e+00	 0.0000000000e+00	 0.0000000000e+00
 1.3000000000e+01	 1.4419910751e-07	 5.3356040878e-08	 9.1732617476e-07	 3.2314751437e-06
 1.3500000000e+01	 1.1427615552e-07	 2.7853603264e-07	 4.0063021491e-08	 5.7593617328e-06
 1.4000000000e+01	 4.3077451150e-08	 2.4509792862e-07	 1.6400310990e-07	 6.0193466683e-06
 1.4500000000e+01	 0.0000000000e+00	 0.0000000000e+00	 0.0000000000e+00	 0.0000000000e+00
 1.5000000000e+01	 0.0000000000e+00	 0.0000000000e+00	 0.0000000000e+00	 0.0000000000e+00
 1.5500000000e+01	 0.0000000000e+00	 0.0000000000e+00	 0.0000000000e+00	 0.0000000000e+00
 1.6000000000e+01	 0.0000000000e+00	 0.0000000000e+00	 0.0000000000e+00	 0.0000000000e+00
 1.6500000000e+01	 0.0000000000e+00	 0.0000000000e+00	 0.0000000000e+00	 0.0000000000e+00
 1.7000000000e+01	 3.5597714169e-08	 5.2184655393e-07	 9.6130695797e-07	 3.0258836251e-06
 1.7500000000e+01	 1.2326228083e-07	 5.7672464040e-07	 5.7391332876e-07	 4.0026983448e-06
 1.8000000000e+01	 0.0000000000e+00	 0.0000000000e+00	 0.0000000000e+00	 0.0000000000e+00
 1.8500000000e+01	 0.0000000000e+00	 0.0000000000e+00	 0.0000000000e+00	 0.0000000000e+00
 1.9000000000e+01	 0.0000000000e+00	 0.0000000000e+00	 0.0000000000e+00	 0.0000000000e+00
 1.9500000000e+01	 0.0000000000e+00	 0.0000000000e+00	 0.0000000000e+00	 0.0000000000e+00
 2.0000000000e+01	 0.0000000000e+00	 0.0000000000e+00	 0.0000000000e+00	 0.0000000000e+00
 2.0500000000e+01	 6.5229285270e-08	 6.2006604425e-07	 6.5589240494e-07	 3.5690736464e-06
 2.1000000000e+01	 7.1012186870e-08	 5.0111699752e-07	 9.4559717687e-07	 4.3588738922e-06
 2.1500000000e+01	 0.0000000000e+00	 0.0000000000e+00	 0.0000000000e+00	 0.0000000000e+00
 2.2000000000e+01	 0.0000000000e+00	 0.0000000000e+00	 0.0000000000e+00	 0.0000000000e+00
 2.2500000000e+01	 0.0000000000e+00	 0.0000000000e+00	 0.0000000000e+00	 0.0000000000e+00
 2.3000000000e+01	 0.0000000000e+00	 0.0000000000e+00	 0.0000000000e+00	 0.0000000000e+00
 2.3500000000e+01	 8.5348320315e-08	 6.3136016337e-07	 5.2680969208e-07	 3.2124336698e-06
 2.4000000000e+01	 7.8883037370e-08	 4.6652191600e-07	 1.1288067376e-07	 3.5335504588e-06
 2.4500000000e+01	 0.0000000000e+00	 0.0000000000e+00	 0.0000000000e+00	 0.0000000000e+00
 2.5000000000e+01	 0.0000000000e+00	 0.0000000000e+00	 0.0000000000e+00	 0.0000000000e+00
 2.5500000000e+01	 0.0000000000e+00	 0.0000000000e+00	 0.0000000000e+00	 0.0000000000e+00
 2.6000000000e+01	 1.1638092222e-07	 6.0864486490e-07	 1.4140461905e-07	 1.2746232173e-06
 2.6500000000e+01	 6.4847146240e-08	 6.3205127330e-07	 2.0601864651e-07	 1.9806468474e-06
 2.7000000000e+01	 0.0000000000e+00	 0.0000000000e+00	 0.0000000000e+00	 0.0000000000e+00
 2.7500000000e+01	 0.0000000000e+00	 0.0000000000e+00	 0.0000000000e+00	 0.0000000000e+00
 2.8000000000e+01	 0.0000000000e+00	 0.0000000000e+00	 0.0000000000e+00	 0.0000000000e+00
 2.8500000000e+01	 8.9788306250e-08	 3.1259382620e-08	 3.6334816592e-07	 5.3940628454e-06
 2.9000000000e+01	 0.0000000000e+00	 0.0000000000e+00	 0.0000000000e+00	 0.0000000000e+00
 2.9500000000e+01	 0.0000000000e+00	 0.0000000000e+00	 0.0000000000e+00	 0.0000000000e+00
 3.0000000000e+01	 1.7233403812e-08	 4.5474943154e-07	 4.7055400748e-07	 2.8784344302e-06
 3.0500000000e+01	 7.4494254460e-08	 2.5664520507e-07	 1.9955602968e-07	 4.3169980353e-06
 3.1000000000e+01	 0.0000000000e+00	 0.0000000000e+00	 0.0000000000e+00	 0.0000000000e+00
 3.1500000000e+01	 0.0000000000e+00	 0.0000000000e+00	 0.0000000000e+00	 0.0000000000e+00
 3.2000000000e+01	 1.4422342557e-07	 1.9270651122e-07	 1.9753696841e-07	 2.8769560405e-06
 3.2500000000e+01	 0.0000000000e+00	 0.0000000000e+00	 0.0000000000e+00	 0.0000000000e+00
 3.3000000000e+01	 1.5304549772e-07	 5.9894415792e-07	 1.1007883121e-07	 2.6214990145e-06
 3.3500000000e+01	 0.0000000000e+00	 0.0000000000e+00	 0.0000000000e+00	 0.0000000000e+00
 3.4000000000e+01	 0.0000000000e+00	 0.0000000000e+00	 0.0000000000e+00	 0.0000000000e+00
 3.4500000000e+01	 1.3012272629e-08	 1.1157636892e-07	 7.8454999778e-07	 6.0015682635e-06
 3.5000000000e+01	 0.0000000000e+00	 0.0000000000e+00	 0.0000000000e+00	 0.0000000000e+00
 3.5500000000e+01	 9.4763472015e-08	 2.5971416228e-07	 6.9585235509e-07	 6.0896688078e-06
 3.6000000000e+01	 0.0000000000e+00	 0.0000000000e+00	 0.0000000000e+00	 0.0000000000e+00
 3.6500000000e+01	 3.7999442950e-08	 5.0875167321e-07	 8.4176718276e-07	 6.2280152862e-06
 3.7000000000e+01	 0.0000000000e+00	 0.0000000000e+00	 0.0000000000e+00	 0.0000000000e+00
 3.7500000000e+01	 1.1412691408e-07	 6.6981494860e-07	 8.5845188699e-07	 2.0597664974e-06
 3.8000000000e+01	 0.0000000000e+00	 0.0000000000e+00	 0.0000000000e+00	 0.0000000000e+00
 3.8500000000e+01	 3.3801739597e-08	 5.4852025138e-07	 1.9635027940e-07	 1.8086941533e-06
 3.9000000000e+01	 0.0000000000e+00	 0.0000000000e+00	 0.0000000000e+00	 0.0000000000e+00
 3.9500000000e+01	 0.0000000000e+00	 0.0000000000e+00	 0.0000000000e+00	 0.0000000000e+00
 4.0000000000e+01	 1.3655958781e-07	 2.8906857015e-07	 7.9196322575e-07	 3.3021042648e-06
 4.0500000000e+01	 0.0000000000e+00	 0.0000000000e+00	 0.0000000000e+00	 0.0000000000e+00
 4.1000000000e+01	 4.1820307601e-08	 3.4346854619e-07	 6.8517314337e-07	 4.7686951579e-06
 4.1500000000e+01	 0.0000000000e+00	 0.0000000000e+00	 0.0000000000e+00	 0.0000000000e+00
 4.2000000000e+01	 0.0000000000e+00	 0.0000000000e+00	 0.0000000000e+00	 0.0000000000e+00
 4.2500000000e+01	 1.0219779770e-07	 3.0207263603e-07	 3.8645570359e-07	 1.1210598653e-06
 4.3000000000e+01	 0.0000000000e+00	 0.0000000000e+00	 0.0000000000e+00	 0.0000000000e+00
 4.3500000000e+01	 0.0000000000e+00	 0.0000000000e+00	 0.0000000000e+00	 0.0000000000e+00
 4.4000000000e+01	 1.0940068361e-07	 8.6262095087e-08	 9.0928201433e-07	 3.4777598591e-07
 4.4500000000e+01	 3.6600578308e-08	 3.7308972877e-08	 8.8616469273e-07	 7.1726146357e-07
 4.5000000000e+01	 0.0000000000e+00	 0.0000000000e+00	 0.0000000000e+00	 0.0000000000e+00
 4.5500000000e+01	 0.0000000000e+00	 0.0000000000e+00	 0.0000000000e+00	 0.0000000000e+00
 4.6000000000e+01	 1.5025765317e-07	 5.0053315842e-07	 5.8980982903e-07	 3.6113496550e-06
 4.6500000000e+01	 0.0000000000e+00	 0.0000000000e+00	 0.0000000000e+00	 0.0000000000e+00
 4.7000000000e+01	 0.0000000000e+00	 0.0000000000e+00	 0.0000000000e+00	 0.0000000000e+00
 4.7500000000e+01	 9.5130300855e-09	 3.0610459571e-07	 4.8585582895e-07	 2.9325416372e-06
 4.8000000000e+01	 0.0000000000e+00	 0.0000000000e+00	 0.0000000000e+00	 0.0000000000e+00
 4.8500000000e+01	 0.0000000000e+00	 0.0000000000e+00	 0.0000000000e+00	 0.0000000000e+00
 4.9000000000e+01	 0.0000000000e+00	 1.4572541776e-07	 1.5866083493e-07	 2.5916056944e-06
 4.9500000000e+01	 6.9752317310e-08	 2.0764584866e-07	 2.3344820793e-07	 6.2716237195e-06
 5.0000000000e+01	 0.0000000000e+00	 0.0000000000e+00	 0.0000000000e+00	 0.0000000000e+00
 5.0500000000e+01	 0.0000000000e+00	 0.0000000000e+00	 0.0000000000e+00	 0.0000000000e+00
 5.1000000000e+01	 1.0865161711e-07	 8.6689295642e-08	 7.1135474851e-07	 1.6663321592e-06
 5.1500000000e+01	 0.0000000000e+00	 0.0000000000e+00	 0.0000000000e+00	 0.0000000000e+00
 5.2000000000e+01	 0.0000000000e+00	 0.0000000000e+00	 0.0000000000e+00	 0.0000000000e+00
 5.2500000000e+01	 1.2547531911e-07	 6.4297233283e-07	 2.6447240158e-07	 6.4083803425e-06
 5.3000000000e+01	 0.0000000000e+00	 0.0000000000e+00	 0.0000000000e+00	 0.0000000000e+00
 5.3500000000e+01	 1.5648352709e-09	 5.4655493203e-07	 4.0858984307e-07	 1.6226803005e-06
 5.4000000000e+01	 0.0000000000e+00	 0.0000000000e+00	 0.0000000000e+00	 0.0000000000e+00
 5.4500000000e+01	 0.0000000000e+00	 0.0000000000e+00	 0.0000000000e+00	 0.0000000000e+00
 5.5000000000e+01	 0.0000000000e+00	 0.0000000000e+00	 0.0000000000e+00	 0.0000000000e+00
 5.5500000000e+01	 0.0000000000e+00	 0.0000000000e+00	 0.0000000000e+00	 0.0000000000e+00
 5.6000000000e+01	 5.6395972210e-08	 3.4811603377e-07	 2.4754937770e-07	 4.3511369591e-06
 5.6500000000e+01	 0.0000000000e+00	 0.0000000000e+00	 0.0000000000e+00	 0.0000000000e+00
 5.7000000000e+01	 3.9401784939e-08	 5.6094625209e-08	 5.8755722904e-07	 5.0099865336e-07
 5.7500000000e+01	 0.0000000000e+00	 0.0000000000e+00	 0.0000000000e+00	 0.0000000000e+00
 5.8000000000e+01	 0.0000000000e+00	 0.0000000000e+00	 0.0000000000e+00	 0.0000000000e+00
 5.8500000000e+01	 0.0000000000e+00	 0.0000000000e+00	 0.0000000000e+00	 0.0000000000e+00
 5.9000000000e+01	 0.0000000000e+00	 0.0000000000e+00	 0.0000000000e+00	 0.0000000000e+00
 5.9500000000e+01	 1.4683653449e-07	 1.5878847420e-07	 6.0359920802e-07	 2.4402749658e-06
 6.0000000000e+01	 0.0000000000e+00	 0.0000000000e+00	 0.0000000000e+00	 0.0000000000e+00
 6.0500000000e+01	 3.2490255336e-08	 3.5145609189e-07	 6.6446311067e-07	 2.9901544617e-06
 6.1000000000e+01	 0.0000000000e+00	 0.0000000000e+00	 0.0000000000e+00	 0.0000000000e+00
 6.1500000000e+01	 0.0000000000e+00	 0.0000000000e+00	 0.0000000000e+00	 0.0000000000e+00
 6.2000000000e+01	 1.3689631549e-08	 4.3673590363e-07	 2.0041101073e-07	 2.2024181212e-06
 6.2500000000e+01	 0.0000000000e+00	 0.0000000000e+00	 0.0000000000e+00	 0.0000000000e+00
 6.3000000000e+01	 0.0000000000e+00	 0.0000000000e+00	 0.0000000000e+00	 0.0000000000e+00
 6.3500000000e+01	 1.1306333785e-07	 3.7659120299e-07	 8.5646641942e-07	 1.9405459740e-06
 6.4000000000e+01	 0.0000000000e+00	 0.0000000000e+00	 0.0000000000e+00	 0.0000000000e+00
 6.4500000000e+01	 0.0000000000e+00	 0.0000000000e+00	 0.0000000000e+00	 0.0000000000e+00
 6.5000000000e+01	 9.8042656545e-10	 1.3192455816e-07	 2.3382688914e-07	 4.5642447562e-07
 6.5500000000e+01	 7.4859639525e-09	 6.1474545496e-07	 3.0044689298e-07	 6.0705988140e-06
 6.6000000000e+01	 0.0000000000e+00	 0.0000000000e+00	 0.0000000000e+00	 0.0000000000e+00
 6.6500000000e+01	 0.0000000000e+00	 0.0000000000e+00	 0.0000000000e+00	 0.0000000000e+00
 6.7000000000e+01	 1.5113327760e-07	 6.3503193289e-07	 1.7193927811e-07	 1.2631735579e-06
 6.7500000000e+01	 0.0000000000e+00	 0.0000000000e+00	 0.0000000000e+00	 0.0000000000e+00
 6.8000000000e+01	 0.0000000000e+00	 0.0000000000e+00	 0.0000000000e+00	 0.0000000000e+00
 6.8500000000e+01	 0.0000000000e+00	 0.0000000000e+00	 0.0000000000e+00	 0.0000000000e+00
 6.9000000000e+01	 9.4481984240e-08	 5.0674301847e-07	 1.6742905777e-07	 1.5862521290e-06
 6.9500000000e+01	 0.0000000000e+00	 0.0000000000e+00	 0.0000000000e+00	 0.0000000000e+00
 7.0000000000e+01	 0.0000000000e+00	 0.0000000000e+00	 0.0000000000e+00	 0.0000000000e+00
 7.0500000000e+01	 0.0000000000e+00	 0.0000000000e+00	 0.0000000000e+00	 0.0000000000e+00
 7.1000000000e+01	 0.0000000000e+00	 0.0000000000e+00	 0.0000000000e+00	 0.0000000000e+00
 7.1500000000e+01	 8.4899775510e-08	 7.7387364798e-08	 4.5848940536e-07	 6.2548309817e-06
 7.2000000000e+01	 0.0000000000e+00	 0.0000000000e+00	 0.0000000000e+00	 0.0000000000e+00
 7.2500000000e+01	 0.0000000000e+00	 0.0000000000e+00	 0.0000000000e+00	 0.0000000000e+00
 7.3000000000e+01	 3.0253481841e-08	 3.3735574549e-07	 7.1618744033e-07	 3.7965584237e-06
 7.3500000000e+01	 1.0069785110e-07	 6.6530484109e-07	 4.8235249184e-07	 2.3407380657e-06
 7.4000000000e+01	 0.0000000000e+00	 0.0000000000e+00	 0.0000000000e+00	 0.0000000000e+00
 7.4500000000e+01	 0.0000000000e+00	 0.0000000000e+00	 0.0000000000e+00	 0.0000000000e+00
 7.5000000000e+01	 1.3412365029e-07	 2.0998671231e-07	 2.2775555762e-07	 6.6953894528e-06
 7.5500000000e+01	 0.0000000000e+00	 0.0000000000e+00	 0.0000000000e+00	 0.0000000000e+00
 7.6000000000e+01	 0.0000000000e+00	 0.0000000000e+00	 0.0000000000e+00	 0.0000000000e+00
 7.6500000000e+01	 0.0000000000e+00	 0.0000000000e+00	 0.0000000000e+00	 0.0000000000e+00
 7.7000000000e+01	 1.2571105036e-07	 5.5429610172e-07	 3.8070589833e-07	 1.4115536568e-06
 7.7500000000e+01	 0.0000000000e+00	 0.0000000000e+00	 0.0000000000e+00	 0.0000000000e+00
 7.8000000000e+01	 0.0000000000e+00	 0.0000000000e+00	 0.0000000000e+00	 0.0000000000e+00
 7.8500000000e+01	 3.5469173629e-08	 6.9391582760e-08	 8.1010275749e-07	 3.9550237714e-06
 7.9000000000e+01	 9.8196120250e-08	 5.2704736270e-07	 2.2996841374e-07	 2.7272139747e-06
 7.9500000000e+01	 0.0000000000e+00	 0.0000000000e+00	 0.0000000000e+00	 0.0000000000e+00
 8.0000000000e+01	 0.0000000000e+00	 0.0000000000e+00	 0.0000000000e+00	 0.0000000000e+00
