angle_deg	amp_300	amp_500	amp_700	amp_900
-8.40000000e+01	5.00000000e-06	5.00000000e-06	5.00000000e-06	5.00000000e-06
-8.35000000e+01	5.00000000e-06	5.00000000e-06	5.00000000e-06	5.00000000e-06
-8.30000000e+01	5.00000000e-06	5.00000000e-06	5.00000000e-06	5.00000000e-06
-8.25000000e+01	5.00000000e-06	5.00000000e-06	5.00000000e-06	5.00000000e-06
-8.20000000e+01	5.00000000e-06	5.00000000e-06	5.00000000e-06	5.00000000e-06
-8.15000000e+01	5.00000000e-06	5.00000000e-06	5.00000000e-06	5.00000000e-06
-8.10000000e+01	5.00000000e-06	5.00000000e-06	5.00000000e-06	5.00000000e-06
-8.05000000e+01	5.00000000e-06	5.00000000e-06	5.00000000e-06	5.00000000e-06
-8.00000000e+01	5.00000000e-06	5.00000000e-06	5.00000000e-06	5.00000000e-06
-7.95000000e+01	5.00000000e-06	5.00000000e-06	5.00000000e-06	5.00000000e-06
-7.90000000e+01	5.00000000e-06	5.00000000e-06	5.00000000e-06	5.00000000e-06
-7.85000000e+01	5.00000000e-06	5.00000000e-06	5.00000000e-06	5.00000000e-06
-7.80000000e+01	5.00000000e-06	5.00000000e-06	5.00000000e-06	5.00000000e-06
-7.75000000e+01	5.00000000e-06	5.00000000e-06	5.00000000e-06	5.00000000e-06
-7.70000000e+01	5.00000000e-06	5.00000000e-06	5.00000000e-06	5.00000000e-06
-7.65000000e+01	5.00000000e-06	5.00000000e-06	5.00000000e-06	5.00000000e-06
-7.60000000e+01	5.00000000e-06	5.00000000e-06	5.00000000e-06	5.00000000e-06
-7.55000000e+01	5.00000000e-06	5.00000000e-06	5.00000000e-06	5.00000000e-06
-7.50000000e+01	5.00000000e-06	5.00000000e-06	5.00000000e-06	5.00000000e-06
-7.45000000e+01	5.00000000e-06	5.00000000e-06	5.00000000e-06	5.00000000e-06
-7.40000000e+01	5.00000000e-06	5.00000000e-06	5.00000000e-06	5.00000000e-06
-7.35000000e+01	5.00000000e-06	5.00000000e-06	5.00000000e-06	5.00000000e-06
-7.30000000e+01	5.00000000e-06	5.00000000e-06	5.00000000e-06	5.00000000e-06
-7.25000000e+01	5.00000000e-06	5.00000000e-06	5.00000000e-06	5.00000000e-06
-7.20000000e+01	5.00000000e-06	5.00000000e-06	5.00000000e-06	5.00000000e-06
-7.15000000e+01	5.00000000e-06	5.00000000e-06	5.00000000e-06	5.00000000e-06
-7.10000000e+01	5.00000000e-06	5.00000000e-06	5.00000000e-06	5.00000000e-06
-7.05000000e+01	5.00000000e-06	5.00000000e-06	5.00000000e-06	5.00000000e-06
-7.00000000e+01	5.00000000e-06	5.00000000e-06	5.00000000e-06	5.00000000e-06
-6.95000000e+01	5.00000000e-06	5.00000000e-06	5.00000000e-06	5.00000000e-06
-6.90000000e+01	5.00000000e-06	5.00000000e-06	5.00000000e-06	5.00000000e-06
-6.85000000e+01	5.00000000e-06	5.00000000e-06	5.00000000e-06	5.00000000e-06
-6.80000000e+01	5.00000000e-06	5.00000000e-06	5.00000000e-06	5.00000000e-06
-6.75000000e+01	5.00000000e-06	5.00000000e-06	5.00000000e-06	5.00000000e-06
-6.70000000e+01	5.00000000e-06	5.00000000e-06	5.00000000e-06	5.00000000e-06
-6.65000000e+01	5.00000000e-06	5.00000000e-06	5.00000000e-06	5.00000000e-06
-6.60000000e+01	5.00000000e-06	5.00000000e-06	5.00000000e-06	5.00000000e-06
-6.55000000e+01	5.00000000e-06	5.00000000e-06	5.00000000e-06	5.00000000e-06
-6.50000000e+01	5.00000000e-06	5.00000000e-06	5.00000000e-06	5.00000000e-06
-6.45000000e+01	5.00000000e-06	5.00000000e-06	5.00000000e-06	5.00000000e-06
-6.40000000e+01	5.00000000e-06	5.00000000e-06	5.00000000e-06	5.00000000e-06
-6.35000000e+01	5.00000000e-06	5.00000000e-06	5.00000000e-06	5.00000000e-06
-6.30000000e+01	5.00000000e-06	5.00000000e-06	5.00000000e-06	5.00000000e-06
-6.25000000e+01	5.00000000e-06	5.00000000e-06	5.00000000e-06	5.00000000e-06
-6.20000000e+01	5.00000000e-06	5.00000000e-06	5.00000000e-06	5.00000000e-06
-6.15000000e+01	5.00000000e-06	5.00000000e-06	5.00000000e-06	5.00000000e-06
-6.10000000e+01	5.00000000e-06	5.00000000e-06	5.00000000e-06	5.00000000e-06
-6.05000000e+01	5.00000000e-06	5.00000000e-06	5.00000000e-06	5.00000000e-06
-6.00000000e+01	5.00000000e-06	5.00000000e-06	5.00000000e-06	5.00000000e-06
-5.95000000e+01	5.00000000e-06	5.00000000e-06	5.00000000e-06	5.00000000e-06
-5.90000000e+01	5.00000000e-06	5.00000000e-06	5.00000000e-06	5.00000000e-06
-5.85000000e+01	5.00000000e-06	5.00000000e-06	5.00000000e-06	5.00000000e-06
-5.80000000e+01	5.00000000e-06	5.00000000e-06	5.00000000e-06	5.00000000e-06
-5.75000000e+01	5.00000000e-06	5.00000000e-06	5.00000000e-06	5.00000000e-06
-5.70000000e+01	5.00000000e-06	5.00000000e-06	5.00000000e-06	5.00000000e-06
-5.65000000e+01	5.00000000e-06	5.00000000e-06	5.00000000e-06	5.00000000e-06
-5.60000000e+01	5.00000000e-06	5.00000000e-06	5.00000000e-06	5.00000000e-06
-5.55000000e+01	5.00000000e-06	5.00000000e-06	5.00000000e-06	5.00000000e-06
-5.50000000e+01	5.00000000e-06	5.00000000e-06	5.00000000e-06	5.00000000e-06
-5.45000000e+01	5.00000000e-06	5.00000000e-06	5.00000000e-06	5.00000000e-06
-5.40000000e+01	5.00000000e-06	5.00000000e-06	5.00000000e-06	5.00000000e-06
-5.35000000e+01	5.00000000e-06	5.00000000e-06	5.00000000e-06	5.00000000e-06
-5.30000000e+01	5.00000000e-06	5.00000000e-06	5.00000000e-06	5.00000000e-06
-5.25000000e+01	5.00000000e-06	5.00000000e-06	5.00000000e-06	5.00000000e-06
-5.20000000e+01	5.00000000e-06	5.00000000e-06	5.00000000e-06	5.00000000e-06
-5.15000000e+01	5.00000000e-06	5.00000000e-06	5.00000000e-06	5.00000000e-06
-5.10000000e+01	5.00000000e-06	5.00000000e-06	5.00000000e-06	5.00000000e-06
-5.05000000e+01	5.00000000e-06	5.00000000e-06	5.00000000e-06	5.00000000e-06
-5.00000000e+01	5.00000000e-06	5.00000000e-06	5.00000000e-06	5.00000000e-06
-4.95000000e+01	5.00000000e-06	5.00000000e-06	5.00000000e-06	5.00000000e-06
-4.90000000e+01	5.00000000e-06	5.00000000e-06	5.00000000e-06	5.00000000e-06
-4.85000000e+01	5.00000000e-06	5.00000000e-06	5.00000000e-06	5.00000000e-06
-4.80000000e+01	5.00000000e-06	5.00000000e-06	5.00000000e-06	5.00000000e-06
-4.75000000e+01	5.00000000e-06	5.00000000e-06	5.00000000e-06	5.00000000e-06
-4.70000000e+01	5.00000000e-06	5.00000000e-06	5.00000000e-06	5.00000000e-06
-4.65000000e+01	5.00000000e-06	5.00000000e-06	5.00000000e-06	5.00000000e-06
-4.60000000e+01	5.00000000e-06	5.00000000e-06	5.00000000e-06	5.00000000e-06
-4.55000000e+01	5.00000000e-06	5.00000000e-06	5.00000000e-06	5.00000000e-06
-4.50000000e+01	5.00000000e-06	5.00000000e-06	5.00000000e-06	5.00000000e-06
-4.45000000e+01	5.00000000e-06	5.00000000e-06	5.00000000e-06	5.00000000e-06
-4.40000000e+01	5.00000000e-06	5.00000000e-06	5.00000000e-06	5.00000000e-06
-4.35000000e+01	5.00000000e-06	5.00000000e-06	5.00000000e-06	5.00000000e-06
-4.30000000e+01	5.00000000e-06	5.00000000e-06	5.00000000e-06	5.00000000e-06
-4.25000000e+01	5.00000000e-06	5.00000000e-06	5.00000000e-06	5.00000000e-06
-4.20000000e+01	5.00000000e-06	5.00000000e-06	5.00000000e-06	5.00000000e-06
-4.15000000e+01	5.00000000e-06	5.00000000e-06	5.00000000e-06	5.00000000e-06
-4.10000000e+01	5.00000000e-06	5.00000000e-06	5.00000000e-06	5.00000000e-06
-4.05000000e+01	5.00000000e-06	5.00000000e-06	5.00000000e-06	5.00000000e-06
-4.00000000e+01	5.00000000e-06	5.00000000e-06	5.00000000e-06	5.00000000e-06
-3.95000000e+01	5.00000000e-06	5.00000000e-06	5.00000000e-06	5.00000000e-06
-3.90000000e+01	5.00000000e-06	5.00000000e-06	5.00000000e-06	5.00000000e-06
-3.85000000e+01	5.00000000e-06	5.00000000e-06	5.00000000e-06	5.00000000e-06
-3.80000000e+01	5.00000000e-06	5.00000000e-06	5.00000000e-06	5.00000000e-06
-3.75000000e+01	5.00000000e-06	5.00000000e-06	5.00000000e-06	5.00000000e-06
-3.70000000e+01	5.00000000e-06	5.00000000e-06	5.00000000e-06	5.00000000e-06
-3.65000000e+01	5.00000000e-06	5.00000000e-06	5.00000000e-06	5.00000000e-06
-3.60000000e+01	5.00000000e-06	5.00000000e-06	5.00000000e-06	5.00000000e-06
-3.55000000e+01	5.00000000e-06	5.00000000e-06	5.00000000e-06	5.00000000e-06
-3.50000000e+01	5.00000000e-06	5.00000000e-06	5.00000000e-06	5.00000000e-06
-3.45000000e+01	5.00000000e-06	5.00000000e-06	5.00000000e-06	5.00000000e-06
-3.40000000e+01	5.00000000e-06	5.00000000e-06	5.00000000e-06	5.00000000e-06
-3.35000000e+01	5.00000000e-06	5.00000000e-06	5.00000000e-06	5.00000000e-06
-3.30000000e+01	5.00000000e-06	5.00000000e-06	5.00000000e-06	5.00000000e-06
-3.25000000e+01	5.00000000e-06	5.00000000e-06	5.00000000e-06	5.00000000e-06
-3.20000000e+01	5.00000000e-06	5.00000000e-06	5.00000000e-06	5.00000000e-06
-3.15000000e+01	5.00000000e-06	5.00000000e-06	5.00000000e-06	5.00000000e-06
-3.10000000e+01	5.00000000e-06	5.00000000e-06	5.00000000e-06	5.00000000e-06
-3.05000000e+01	5.00000000e-06	5.00000000e-06	5.00000000e-06	5.00000000e-06
-3.00000000e+01	5.00000000e-06	5.00000000e-06	5.00000000e-06	5.00000000e-06
-2.95000000e+01	5.00000000e-06	5.00000000e-06	5.00000000e-06	5.00000000e-06
-2.90000000e+01	5.00000000e-06	5.00000000e-06	5.00000000e-06	5.00000000e-06
-2.85000000e+01	5.00000000e-06	5.00000000e-06	5.00000000e-06	5.00000000e-06
-2.80000000e+01	5.00000000e-06	5.00000000e-06	5.00000000e-06	5.00000000e-06
-2.75000000e+01	5.00000000e-06	5.00000000e-06	5.00000000e-06	5.00000000e-06
-2.70000000e+01	5.00000000e-06	5.00000000e-06	5.00000000e-06	5.00000000e-06
-2.65000000e+01	5.00000000e-06	5.00000000e-06	5.00000000e-06	5.00000000e-06
-2.60000000e+01	5.00000000e-06	5.00000000e-06	5.00000000e-06	5.00000000e-06
-2.55000000e+01	5.00000000e-06	5.00000000e-06	5.00000000e-06	5.00000000e-06
-2.50000000e+01	5.00000000e-06	5.00000000e-06	5.00000000e-06	5.00000000e-06
-2.45000000e+01	5.00000000e-06	5.00000000e-06	5.00000000e-06	5.00000000e-06
-2.40000000e+01	5.00000000e-06	5.00000000e-06	5.00000000e-06	5.00000000e-06
-2.35000000e+01	5.00000000e-06	5.00000000e-06	5.00000000e-06	5.00000000e-06
-2.30000000e+01	5.00000000e-06	5.00000000e-06	5.00000000e-06	5.00000000e-06
-2.25000000e+01	5.00000000e-06	5.00000000e-06	5.00000000e-06	5.00000000e-06
-2.20000000e+01	5.00000000e-06	5.00000000e-06	5.00000000e-06	5.00000000e-06
-2.15000000e+01	5.00000000e-06	5.00000000e-06	5.00000000e-06	5.00000000e-06
-2.10000000e+01	5.00000000e-06	5.00000000e-06	5.00000000e-06	5.00000000e-06
-2.05000000e+01	5.00000000e-06	5.00000000e-06	5.00000000e-06	5.00000000e-06
-2.00000000e+01	5.00000000e-06	5.00000000e-06	5.00000000e-06	5.00000000e-06
-1.95000000e+01	5.00000000e-06	5.00000000e-06	5.00000000e-06	5.00000000e-06
-1.90000000e+01	5.00000000e-06	5.00000000e-06	5.00000000e-06	5.00000000e-06
-1.85000000e+01	5.00000000e-06	5.00000000e-06	5.00000000e-06	5.00000000e-06
-1.80000000e+01	5.00000000e-06	5.00000000e-06	5.00000000e-06	5.00000000e-06
-1.75000000e+01	5.00000000e-06	5.00000000e-06	5.00000000e-06	5.00000000e-06
-1.70000000e+01	5.00000000e-06	5.00000000e-06	5.00000000e-06	5.00000000e-06
-1.65000000e+01	5.00000000e-06	5.00000000e-06	5.00000000e-06	5.00000000e-06
-1.60000000e+01	5.00000000e-06	5.00000000e-06	5.00000000e-06	5.00000000e-06
-1.55000000e+01	5.00000000e-06	5.00000000e-06	5.00000000e-06	5.00000000e-06
-1.50000000e+01	5.00000000e-06	5.00000000e-06	5.00000000e-06	5.00000000e-06
-1.45000000e+01	5.00000000e-06	5.00000000e-06	5.00000000e-06	5.00000000e-06
-1.40000000e+01	5.00000000e-06	5.00000000e-06	5.00000000e-06	5.00000000e-06
-1.35000000e+01	5.00000000e-06	5.00000000e-06	5.00000000e-06	5.00000000e-06
-1.30000000e+01	5.00000000e-06	5.00000000e-06	5.00000000e-06	5.00000000e-06
-1.25000000e+01	5.00000000e-06	5.00000000e-06	5.00000000e-06	5.00000000e-06
-1.20000000e+01	5.00000000e-06	5.00000000e-06	5.00000000e-06	5.00000000e-06
-1.15000000e+01	5.00000000e-06	5.00000000e-06	5.00000000e-06	5.00000000e-06
-1.10000000e+01	5.00000000e-06	5.00000000e-06	5.00000000e-06	5.00000000e-06
-1.05000000e+01	5.00000000e-06	5.00000000e-06	5.00000000e-06	5.00000000e-06
-1.00000000e+01	5.00000000e-06	5.00000000e-06	5.00000000e-06	5.00000000e-06
-9.50000000e+00	5.00000000e-06	5.00000000e-06	5.00000000e-06	5.00000000e-06
-9.00000000e+00	5.00000000e-06	5.00000000e-06	5.00000000e-06	5.00000000e-06
-8.50000000e+00	5.00000000e-06	5.00000000e-06	5.00000000e-06	5.00000000e-06
-8.00000000e+00	5.00000000e-06	5.00000000e-06	5.00000000e-06	5.00000000e-06
-7.50000000e+00	5.00000000e-06	5.00000000e-06	5.00000000e-06	5.00000000e-06
-7.00000000e+00	5.00000000e-06	5.00000000e-06	5.00000000e-06	5.00000000e-06
-6.50000000e+00	5.00000000e-06	5.00000000e-06	5.00000000e-06	5.00000000e-06
-6.00000000e+00	5.00000000e-06	5.00000000e-06	5.00000000e-06	5.00000000e-06
-5.50000000e+00	5.00000000e-06	5.00000000e-06	5.00000000e-06	5.00000000e-06
-5.00000000e+00	5.00000000e-06	5.00000000e-06	5.00000000e-06	5.00000000e-06
-4.50000000e+00	5.00000000e-06	5.00000000e-06	5.00000000e-06	5.00000000e-06
-4.00000000e+00	5.00000000e-06	5.00000000e-06	5.00000000e-06	5.00000000e-06
-3.50000000e+00	5.00000000e-06	5.00000000e-06	5.00000000e-06	5.00000000e-06
-3.00000000e+00	5.00000000e-06	5.00000000e-06	5.00000000e-06	5.00000000e-06
-2.50000000e+00	5.00000000e-06	5.00000000e-06	5.00000000e-06	5.00000000e-06
-2.00000000e+00	5.00000000e-06	5.00000000e-06	5.00000000e-06	5.00000000e-06
-1.50000000e+00	5.00000000e-06	5.00000000e-06	5.00000000e-06	5.00000000e-06
-1.00000000e+00	5.00000000e-06	5.00000000e-06	5.00000000e-06	5.00000000e-06
-5.00000000e-01	5.00000000e-06	5.00000000e-06	5.00000000e-06	5.00000000e-06
0.00000000e+00	5.00000000e-06	5.00000000e-06	5.00000000e-06	5.00000000e-06
5.00000000e-01	5.00000000e-06	5.00000000e-06	5.00000000e-06	5.00000000e-06
1.00000000e+00	5.00000000e-06	5.00000000e-06	5.00000000e-06	5.00000000e-06
1.50000000e+00	5.00000000e-06	5.00000000e-06	5.00000000e-06	5.00000000e-06
2.00000000e+00	5.00000000e-06	5.00000000e-06	5.00000000e-06	5.00000000e-06
2.50000000e+00	5.00000000e-06	5.00000000e-06	5.00000000e-06	5.00000000e-06
3.00000000e+00	5.00000000e-06	5.00000000e-06	5.00000000e-06	5.00000000e-06
3.50000000e+00	5.00000000e-06	5.00000000e-06	5.00000000e-06	5.00000000e-06
4.00000000e+00	5.00000000e-06	5.00000000e-06	5.00000000e-06	5.00000000e-06
4.50000000e+00	5.00000000e-06	5.00000000e-06	5.00000000e-06	5.00000000e-06
5.00000000e+00	5.00000000e-06	5.00000000e-06	5.00000000e-06	5.00000000e-06
5.50000000e+00	5.00000000e-06	5.00000000e-06	5.00000000e-06	5.00000000e-06
6.00000000e+00	5.00000000e-06	5.00000000e-06	5.00000000e-06	5.00000000e-06
6.50000000e+00	5.00000000e-06	5.00000000e-06	5.00000000e-06	5.00000000e-06
7.00000000e+00	5.00000000e-06	5.00000000e-06	5.00000000e-06	5.00000000e-06
7.50000000e+00	5.00000000e-06	5.00000000e-06	5.00000000e-06	5.00000000e-06
8.00000000e+00	5.00000000e-06	5.00000000e-06	5.00000000e-06	5.00000000e-06
8.50000000e+00	5.00000000e-06	5.00000000e-06	5.00000000e-06	5.00000000e-06
9.00000000e+00	5.00000000e-06	5.00000000e-06	5.00000000e-06	5.00000000e-06
9.50000000e+00	5.00000000e-06	5.00000000e-06	5.00000000e-06	5.00000000e-06
1.00000000e+01	5.00000000e-06	5.00000000e-06	5.00000000e-06	5.00000000e-06
1.05000000e+01	5.00000000e-06	5.00000000e-06	5.00000000e-06	5.00000000e-06
1.10000000e+01	5.00000000e-06	5.00000000e-06	5.00000000e-06	5.00000000e-06
1.15000000e+01	5.00000000e-06	5.00000000e-06	5.00000000e-06	5.00000000e-06
1.20000000e+01	5.00000000e-06	5.00000000e-06	5.00000000e-06	5.00000000e-06
1.25000000e+01	5.00000000e-06	5.00000000e-06	5.00000000e-06	5.00000000e-06
1.30000000e+01	5.00000000e-06	5.00000000e-06	5.00000000e-06	5.00000000e-06
1.35000000e+01	5.00000000e-06	5.00000000e-06	5.00000000e-06	5.00000000e-06
1.40000000e+01	5.00000000e-06	5.00000000e-06	5.00000000e-06	5.00000000e-06
1.45000000e+01	5.00000000e-06	5.00000000e-06	5.00000000e-06	5.00000000e-06
1.50000000e+01	5.00000000e-06	5.00000000e-06	5.00000000e-06	5.00000000e-06
1.55000000e+01	5.00000000e-06	5.00000000e-06	5.00000000e-06	5.00000000e-06
1.60000000e+01	5.00000000e-06	5.00000000e-06	5.00000000e-06	5.00000000e-06
1.65000000e+01	5.00000000e-06	5.00000000e-06	5.00000000e-06	5.00000000e-06
1.70000000e+01	5.00000000e-06	5.00000000e-06	5.00000000e-06	5.00000000e-06
1.75000000e+01	5.00000000e-06	5.00000000e-06	5.00000000e-06	5.00000000e-06
1.80000000e+01	5.00000000e-06	5.00000000e-06	5.00000000e-06	5.00000000e-06
1.85000000e+01	5.00000000e-06	5.00000000e-06	5.00000000e-06	5.00000000e-06
1.90000000e+01	5.00000000e-06	5.00000000e-06	5.00000000e-06	5.00000000e-06
1.95000000e+01	5.00000000e-06	5.00000000e-06	5.00000000e-06	5.00000000e-06
2.00000000e+01	5.00000000e-06	5.00000000e-06	5.00000000e-06	5.00000000e-06
2.05000000e+01	5.00000000e-06	5.00000000e-06	5.00000000e-06	5.00000000e-06
2.10000000e+01	5.00000000e-06	5.00000000e-06	5.00000000e-06	5.00000000e-06
2.15000000e+01	5.00000000e-06	5.00000000e-06	5.00000000e-06	5.00000000e-06
2.20000000e+01	5.00000000e-06	5.00000000e-06	5.00000000e-06	5.00000000e-06
2.25000000e+01	5.00000000e-06	5.00000000e-06	5.00000000e-06	5.00000000e-06
2.30000000e+01	5.00000000e-06	5.00000000e-06	5.00000000e-06	5.00000000e-06
2.35000000e+01	5.00000000e-06	5.00000000e-06	5.00000000e-06	5.00000000e-06
2.40000000e+01	5.00000000e-06	5.00000000e-06	5.00000000e-06	5.00000000e-06
2.45000000e+01	5.00000000e-06	5.00000000e-06	5.00000000e-06	5.00000000e-06
2.50000000e+01	5.00000000e-06	5.00000000e-06	5.00000000e-06	5.00000000e-06
2.55000000e+01	5.00000000e-06	5.00000000e-06	5.00000000e-06	5.00000000e-06
2.60000000e+01	5.00000000e-06	5.00000000e-06	5.00000000e-06	5.00000000e-06
2.65000000e+01	5.00000000e-06	5.00000000e-06	5.00000000e-06	5.00000000e-06
2.70000000e+01	5.00000000e-06	5.00000000e-06	5.00000000e-06	5.00000000e-06
2.75000000e+01	5.00000000e-06	5.00000000e-06	5.00000000e-06	5.00000000e-06
2.80000000e+01	5.00000000e-06	5.00000000e-06	5.00000000e-06	5.00000000e-06
2.85000000e+01	5.00000000e-06	5.00000000e-06	5.00000000e-06	5.00000000e-06
2.90000000e+01	5.00000000e-06	5.00000000e-06	5.00000000e-06	5.00000000e-06
2.95000000e+01	5.00000000e-06	5.00000000e-06	5.00000000e-06	5.00000000e-06
3.00000000e+01	5.00000000e-06	5.00000000e-06	5.00000000e-06	5.00000000e-06
3.05000000e+01	5.00000000e-06	5.00000000e-06	5.00000000e-06	5.00000000e-06
3.10000000e+01	5.00000000e-06	5.00000000e-06	5.00000000e-06	5.00000000e-06
3.15000000e+01	5.00000000e-06	5.00000000e-06	5.00000000e-06	5.00000000e-06
3.20000000e+01	5.00000000e-06	5.00000000e-06	5.00000000e-06	5.00000000e-06
3.25000000e+01	5.00000000e-06	5.00000000e-06	5.00000000e-06	5.00000000e-06
3.30000000e+01	5.00000000e-06	5.00000000e-06	5.00000000e-06	5.00000000e-06
3.35000000e+01	5.00000000e-06	5.00000000e-06	5.00000000e-06	5.00000000e-06
3.40000000e+01	5.00000000e-06	5.00000000e-06	5.00000000e-06	5.00000000e-06
3.45000000e+01	5.00000000e-06	5.00000000e-06	5.00000000e-06	5.00000000e-06
3.50000000e+01	5.00000000e-06	5.00000000e-06	5.00000000e-06	5.00000000e-06
3.55000000e+01	5.00000000e-06	5.00000000e-06	5.00000000e-06	5.00000000e-06
3.60000000e+01	5.00000000e-06	5.00000000e-06	5.00000000e-06	5.00000000e-06
3.65000000e+01	5.00000000e-06	5.00000000e-06	5.00000000e-06	5.00000000e-06
3.70000000e+01	5.00000000e-06	5.00000000e-06	5.00000000e-06	5.00000000e-06
3.75000000e+01	5.00000000e-06	5.00000000e-06	5.00000000e-06	5.00000000e-06
3.80000000e+01	5.00000000e-06	5.00000000e-06	5.00000000e-06	5.00000000e-06
3.85000000e+01	5.00000000e-06	5.00000000e-06	5.00000000e-06	5.00000000e-06
3.90000000e+01	5.00000000e-06	5.00000000e-06	5.00000000e-06	5.00000000e-06
3.95000000e+01	5.00000000e-06	5.00000000e-06	5.00000000e-06	5.00000000e-06
4.00000000e+01	5.00000000e-06	5.00000000e-06	5.00000000e-06	5.00000000e-06
4.05000000e+01	5.00000000e-06	5.00000000e-06	5.00000000e-06	5.00000000e-06
4.10000000e+01	5.00000000e-06	5.00000000e-06	5.00000000e-06	5.00000000e-06
4.15000000e+01	5.00000000e-06	5.00000000e-06	5.00000000e-06	5.00000000e-06
4.20000000e+01	5.00000000e-06	5.00000000e-06	5.00000000e-06	5.00000000e-06
4.25000000e+01	5.00000000e-06	5.00000000e-06	5.00000000e-06	5.00000000e-06
4.30000000e+01	5.00000000e-06	5.00000000e-06	5.00000000e-06	5.00000000e-06
4.35000000e+01	5.00000000e-06	5.00000000e-06	5.00000000e-06	5.00000000e-06
4.40000000e+01	5.00000000e-06	5.00000000e-06	5.00000000e-06	5.00000000e-06
4.45000000e+01	5.00000000e-06	5.00000000e-06	5.00000000e-06	5.00000000e-06
4.50000000e+01	5.00000000e-06	5.00000000e-06	5.00000000e-06	5.00000000e-06
4.55000000e+01	5.00000000e-06	5.00000000e-06	5.00000000e-06	5.00000000e-06
4.60000000e+01	5.00000000e-06	5.00000000e-06	5.00000000e-06	5.00000000e-06
4.65000000e+01	5.00000000e-06	5.00000000e-06	5.00000000e-06	5.00000000e-06
4.70000000e+01	5.00000000e-06	5.00000000e-06	5.00000000e-06	5.00000000e-06
4.75000000e+01	5.00000000e-06	5.00000000e-06	5.00000000e-06	5.00000000e-06
4.80000000e+01	5.00000000e-06	5.00000000e-06	5.00000000e-06	5.00000000e-06
4.85000000e+01	5.00000000e-06	5.00000000e-06	5.00000000e-06	5.00000000e-06
4.90000000e+01	5.00000000e-06	5.00000000e-06	5.00000000e-06	5.00000000e-06
4.95000000e+01	5.00000000e-06	5.00000000e-06	5.00000000e-06	5.00000000e-06
5.00000000e+01	5.00000000e-06	5.00000000e-06	5.00000000e-06	5.00000000e-06
5.05000000e+01	5.00000000e-06	5.00000000e-06	5.00000000e-06	5.00000000e-06
5.10000000e+01	5.00000000e-06	5.00000000e-06	5.00000000e-06	5.00000000e-06
5.15000000e+01	5.00000000e-06	5.00000000e-06	5.00000000e-06	5.00000000e-06
5.20000000e+01	5.00000000e-06	5.00000000e-06	5.00000000e-06	5.00000000e-06
5.25000000e+01	5.00000000e-06	5.00000000e-06	5.00000000e-06	5.00000000e-06
5.30000000e+01	5.00000000e-06	5.00000000e-06	5.00000000e-06	5.00000000e-06
5.35000000e+01	5.00000000e-06	5.00000000e-06	5.00000000e-06	5.00000000e-06
5.40000000e+01	5.00000000e-06	5.00000000e-06	5.00000000e-06	5.00000000e-06
5.45000000e+01	5.00000000e-06	5.00000000e-06	5.00000000e-06	5.00000000e-06
5.50000000e+01	5.00000000e-06	5.00000000e-06	5.00000000e-06	5.00000000e-06
5.55000000e+01	5.00000000e-06	5.00000000e-06	5.00000000e-06	5.00000000e-06
5.60000000e+01	5.00000000e-06	5.00000000e-06	5.00000000e-06	5.00000000e-06
5.65000000e+01	5.00000000e-06	5.00000000e-06	5.00000000e-06	5.00000000e-06
5.70000000e+01	5.00000000e-06	5.00000000e-06	5.00000000e-06	5.00000000e-06
5.75000000e+01	5.00000000e-06	5.00000000e-06	5.00000000e-06	5.00000000e-06
5.80000000e+01	5.00000000e-06	5.00000000e-06	5.00000000e-06	5.00000000e-06
5.85000000e+01	5.00000000e-06	5.00000000e-06	5.00000000e-06	5.00000000e-06
5.90000000e+01	5.00000000e-06	5.00000000e-06	5.00000000e-06	5.00000000e-06
5.95000000e+01	5.00000000e-06	5.00000000e-06	5.00000000e-06	5.00000000e-06
6.00000000e+01	5.00000000e-06	5.00000000e-06	5.00000000e-06	5.00000000e-06
6.05000000e+01	5.00000000e-06	5.00000000e-06	5.00000000e-06	5.00000000e-06
6.10000000e+01	5.00000000e-06	5.00000000e-06	5.00000000e-06	5.00000000e-06
6.15000000e+01	5.00000000e-06	5.00000000e-06	5.00000000e-06	5.00000000e-06
6.20000000e+01	5.00000000e-06	5.00000000e-06	5.00000000e-06	5.00000000e-06
6.25000000e+01	5.00000000e-06	5.00000000e-06	5.00000000e-06	5.00000000e-06
6.30000000e+01	5.00000000e-06	5.00000000e-06	5.00000000e-06	5.00000000e-06
6.35000000e+01	5.00000000e-06	5.00000000e-06	5.00000000e-06	5.00000000e-06
6.40000000e+01	5.00000000e-06	5.00000000e-06	5.00000000e-06	5.00000000e-06
6.45000000e+01	5.00000000e-06	5.00000000e-06	5.00000000e-06	5.00000000e-06
6.50000000e+01	5.00000000e-06	5.00000000e-06	5.00000000e-06	5.00000000e-06
6.55000000e+01	5.00000000e-06	5.00000000e-06	5.00000000e-06	5.00000000e-06
6.60000000e+01	5.00000000e-06	5.00000000e-06	5.00000000e-06	5.00000000e-06
6.65000000e+01	5.00000000e-06	5.00000000e-06	5.00000000e-06	5.00000000e-06
6.70000000e+01	5.00000000e-06	5.00000000e-06	5.00000000e-06	5.00000000e-06
6.75000000e+01	5.00000000e-06	5.00000000e-06	5.00000000e-06	5.00000000e-06
6.80000000e+01	5.00000000e-06	5.00000000e-06	5.00000000e-06	5.00000000e-06
6.85000000e+01	5.00000000e-06	5.00000000e-06	5.00000000e-06	5.00000000e-06
6.90000000e+01	5.00000000e-06	5.00000000e-06	5.00000000e-06	5.00000000e-06
6.95000000e+01	5.00000000e-06	5.00000000e-06	5.00000000e-06	5.00000000e-06
7.00000000e+01	5.00000000e-06	5.00000000e-06	5.00000000e-06	5.00000000e-06
7.05000000e+01	5.00000000e-06	5.00000000e-06	5.00000000e-06	5.00000000e-06
7.10000000e+01	5.00000000e-06	5.00000000e-06	5.00000000e-06	5.00000000e-06
7.15000000e+01	5.00000000e-06	5.00000000e-06	5.00000000e-06	5.00000000e-06
7.20000000e+01	5.00000000e-06	5.00000000e-06	5.00000000e-06	5.00000000e-06
7.25000000e+01	5.00000000e-06	5.00000000e-06	5.00000000e-06	5.00000000e-06
7.30000000e+01	5.00000000e-06	5.00000000e-06	5.00000000e-06	5.00000000e-06
7.35000000e+01	5.00000000e-06	5.00000000e-06	5.00000000e-06	5.00000000e-06
7.40000000e+01	5.00000000e-06	5.00000000e-06	5.00000000e-06	5.00000000e-06
7.45000000e+01	5.00000000e-06	5.00000000e-06	5.00000000e-06	5.00000000e-06
7.50000000e+01	5.00000000e-06	5.00000000e-06	5.00000000e-06	5.00000000e-06
7.55000000e+01	5.00000000e-06	5.00000000e-06	5.00000000e-06	5.00000000e-06
7.60000000e+01	5.00000000e-06	5.00000000e-06	5.00000000e-06	5.00000000e-06
7.65000000e+01	5.00000000e-06	5.00000000e-06	5.00000000e-06	5.00000000e-06
7.70000000e+01	5.00000000e-06	5.00000000e-06	5.00000000e-06	5.00000000e-06
7.75000000e+01	5.00000000e-06	5.00000000e-06	5.00000000e-06	5.00000000e-06
7.80000000e+01	5.00000000e-06	5.00000000e-06	5.00000000e-06	5.00000000e-06
7.85000000e+01	5.00000000e-06	5.00000000e-06	5.00000000e-06	5.00000000e-06
7.90000000e+01	5.00000000e-06	5.00000000e-06	5.00000000e-06	5.00000000e-06
7.95000000e+01	5.00000000e-06	5.00000000e-06	5.00000000e-06	5.00000000e-06
8.00000000e+01	5.00000000e-06	5.00000000e-06	5.00000000e-06	5.00000000e-06
