# theta_deg base_template rpm_300 rpm_500 rpm_700 rpm_900
-8.4000000000e+01 2.7907853535e-06 2.2907853535e-06 3.0427384785e-06 3.8725724629e-06 3.6362443379e-06
-8.3771905424e+01 0.0000000000e+00 0.0000000000e+00 2.5195312500e-07 1.0817871094e-06 8.4545898438e-07
-8.3543810848e+01 0.0000000000e+00 0.0000000000e+00 2.5195312500e-07 1.0817871094e-06 8.4545898438e-07
-8.3315716273e+01 0.0000000000e+00 0.0000000000e+00 2.5195312500e-07 1.0817871094e-06 8.4545898438e-07
-8.3087621697e+01 0.0000000000e+00 0.0000000000e+00 2.5195312500e-07 1.0817871094e-06 8.4545898438e-07
-8.2859527121e+01 0.0000000000e+00 0.0000000000e+00 2.5195312500e-07 1.0817871094e-06 8.4545898438e-07
-8.2631432545e+01 0.0000000000e+00 0.0000000000e+00 2.5195312500e-07 1.0817871094e-06 8.4545898438e-07
-8.2403337969e+01 0.0000000000e+00 0.0000000000e+00 2.5195312500e-07 1.0817871094e-06 8.4545898438e-07
-8.2175243394e+01 0.0000000000e+00 0.0000000000e+00 2.5195312500e-07 1.0817871094e-06 8.4545898438e-07
-8.1947148818e+01 0.0000000000e+00 0.0000000000e+00 2.5195312500e-07 1.0817871094e-06 8.4545898438e-07
-8.1719054242e+01 0.0000000000e+00 0.0000000000e+00 2.5195312500e-07 1.0817871094e-06 8.4545898438e-07
-8.1490959666e+01 0.0000000000e+00 0.0000000000e+00 2.5195312500e-07 1.0817871094e-06 8.4545898438e-07
-8.1262865090e+01 0.0000000000e+00 0.0000000000e+00 2.5195312500e-07 1.0817871094e-06 8.4545898438e-07
-8.1034770515e+01 0.0000000000e+00 0.0000000000e+00 2.5195312500e-07 1.0817871094e-06 8.4545898438e-07
-8.0806675939e+01 0.0000000000e+00 0.0000000000e+00 2.5195312500e-07 1.0817871094e-06 8.4545898438e-07
-8.0578581363e+01 0.0000000000e+00 0.0000000000e+00 2.5195312500e-07 1.0817871094e-06 8.4545898438e-07
-8.0350486787e+01 0.0000000000e+00 0.0000000000e+00 2.5195312500e-07 1.0817871094e-06 8.4545898438e-07
-8.0122392211e+01 0.0000000000e+00 0.0000000000e+00 2.5195312500e-07 1.0817871094e-06 8.4545898438e-07
-7.9894297636e+01 0.0000000000e+00 0.0000000000e+00 2.5195312500e-07 1.0817871094e-06 8.4545898438e-07
-7.9666203060e+01 1.2799301914e-06 7.7993019140e-07 1.5318833164e-06 2.3617173008e-06 2.1253891758e-06
-7.9438108484e+01 3.1231919294e-06 2.6231919294e-06 3.3751450544e-06 4.2049790388e-06 3.9686509138e-06
-7.9210013908e+01 2.4800291385e-06 1.9800291385e-06 2.7319822635e-06 3.5618162479e-06 3.3254881229e-06
-7.8981919332e+01 5.0342393977e-07 3.4239397700e-09 7.5537706477e-07 1.5852110491e-06 1.3488829241e-06
-7.8753824757e+01 0.0000000000e+00 0.0000000000e+00 2.5195312500e-07 1.0817871094e-06 8.4545898438e-07
-7.8525730181e+01 0.0000000000e+00 0.0000000000e+00 2.5195312500e-07 1.0817871094e-06 8.4545898438e-07
-7.8297635605e+01 0.0000000000e+00 0.0000000000e+00 2.5195312500e-07 1.0817871094e-06 8.4545898438e-07
-7.8069541029e+01 0.0000000000e+00 0.0000000000e+00 2.5195312500e-07 1.0817871094e-06 8.4545898438e-07
-7.7841446453e+01 0.0000000000e+00 0.0000000000e+00 2.5195312500e-07 1.0817871094e-06 8.4545898438e-07
-7.7613351878e+01 0.0000000000e+00 0.0000000000e+00 2.5195312500e-07 1.0817871094e-06 8.4545898438e-07
-7.7385257302e+01 0.0000000000e+00 0.0000000000e+00 2.5195312500e-07 1.0817871094e-06 8.4545898438e-07
-7.7157162726e+01 0.0000000000e+00 0.0000000000e+00 2.5195312500e-07 1.0817871094e-06 8.4545898438e-07
-7.6929068150e+01 0.0000000000e+00 0.0000000000e+00 2.5195312500e-07 1.0817871094e-06 8.4545898438e-07
-7.6700973574e+01 0.0000000000e+00 0.0000000000e+00 2.5195312500e-07 1.0817871094e-06 8.4545898438e-07
-7.6472878999e+01 0.0000000000e+00 0.0000000000e+00 2.5195312500e-07 1.0817871094e-06 8.4545898438e-07
-7.6244784423e+01 0.0000000000e+00 0.0000000000e+00 2.5195312500e-07 1.0817871094e-06 8.4545898438e-07
-7.6016689847e+01 0.0000000000e+00 0.0000000000e+00 2.5195312500e-07 1.0817871094e-06 8.4545898438e-07
-7.5788595271e+01 0.0000000000e+00 0.0000000000e+00 2.5195312500e-07 1.0817871094e-06 8.4545898438e-07
-7.5560500695e+01 0.0000000000e+00 0.0000000000e+00 2.5195312500e-07 1.0817871094e-06 8.4545898438e-07
-7.5332406120e+01 0.0000000000e+00 0.0000000000e+00 2.5195312500e-07 1.0817871094e-06 8.4545898438e-07
-7.5104311544e+01 0.0000000000e+00 0.0000000000e+00 2.5195312500e-07 1.0817871094e-06 8.4545898438e-07
-7.4876216968e+01 0.0000000000e+00 0.0000000000e+00 2.5195312500e-07 1.0817871094e-06 8.4545898438e-07
-7.4648122392e+01 0.0000000000e+00 0.0000000000e+00 2.5195312500e-07 1.0817871094e-06 8.4545898438e-07
-7.4420027816e+01 0.0000000000e+00 0.0000000000e+00 2.5195312500e-07 1.0817871094e-06 8.4545898438e-07
-7.4191933241e+01 0.0000000000e+00 0.0000000000e+00 2.5195312500e-07 1.0817871094e-06 8.4545898438e-07
-7.3963838665e+01 0.0000000000e+00 0.0000000000e+00 2.5195312500e-07 1.0817871094e-06 8.4545898438e-07
-7.3735744089e+01 0.0000000000e+00 0.0000000000e+00 2.5195312500e-07 1.0817871094e-06 8.4545898438e-07
-7.3507649513e+01 0.0000000000e+00 0.0000000000e+00 2.5195312500e-07 1.0817871094e-06 8.4545898438e-07
-7.3279554937e+01 0.0000000000e+00 0.0000000000e+00 2.5195312500e-07 1.0817871094e-06 8.4545898438e-07
-7.3051460362e+01 0.0000000000e+00 0.0000000000e+00 2.5195312500e-07 1.0817871094e-06 8.4545898438e-07
-7.2823365786e+01 0.0000000000e+00 0.0000000000e+00 2.5195312500e-07 1.0817871094e-06 8.4545898438e-07
-7.2595271210e+01 0.0000000000e+00 0.0000000000e+00 2.5195312500e-07 1.0817871094e-06 8.4545898438e-07
-7.2367176634e+01 0.0000000000e+00 0.0000000000e+00 2.5195312500e-07 1.0817871094e-06 8.4545898438e-07
-7.2139082058e+01 0.0000000000e+00 0.0000000000e+00 2.5195312500e-07 1.0817871094e-06 8.4545898438e-07
-7.1910987483e+01 0.0000000000e+00 0.0000000000e+00 2.5195312500e-07 1.0817871094e-06 8.4545898438e-07
-7.1682892907e+01 0.0000000000e+00 0.0000000000e+00 2.5195312500e-07 1.0817871094e-06 8.4545898438e-07
-7.1454798331e+01 0.0000000000e+00 0.0000000000e+00 2.5195312500e-07 1.0817871094e-06 8.4545898438e-07
-7.1226703755e+01 0.0000000000e+00 0.0000000000e+00 2.5195312500e-07 1.0817871094e-06 8.4545898438e-07
-7.0998609179e+01 0.0000000000e+00 0.0000000000e+00 2.5195312500e-07 1.0817871094e-06 8.4545898438e-07
-7.0770514604e+01 0.0000000000e+00 0.0000000000e+00 2.5195312500e-07 1.0817871094e-06 8.4545898438e-07
-7.0542420028e+01 0.0000000000e+00 0.0000000000e+00 2.5195312500e-07 1.0817871094e-06 8.4545898438e-07
-7.0314325452e+01 0.0000000000e+00 0.0000000000e+00 2.5195312500e-07 1.0817871094e-06 8.4545898438e-07
-7.0086230876e+01 0.0000000000e+00 0.0000000000e+00 2.5195312500e-07 1.0817871094e-06 8.4545898438e-07
-6.9858136300e+01 0.0000000000e+00 0.0000000000e+00 2.5195312500e-07 1.0817871094e-06 8.4545898438e-07
-6.9630041725e+01 0.0000000000e+00 0.0000000000e+00 2.5195312500e-07 1.0817871094e-06 8.4545898438e-07
-6.9401947149e+01 0.0000000000e+00 0.0000000000e+00 2.5195312500e-07 1.0817871094e-06 8.4545898438e-07
-6.9173852573e+01 0.0000000000e+00 0.0000000000e+00 2.5195312500e-07 1.0817871094e-06 8.4545898438e-07
-6.8945757997e+01 2.0216089876e-06 1.5216089876e-06 2.2735621126e-06 3.1033960970e-06 2.8670679720e-06
-6.8717663421e+01 3.7638717471e-06 3.2638717471e-06 4.0158248721e-06 4.8456588565e-06 4.6093307315e-06
-6.8489568846e+01 9.8846215395e-07 4.8846215395e-07 1.2404152790e-06 2.0702492633e-06 1.8339211383e-06
-6.8261474270e+01 0.0000000000e+00 0.0000000000e+00 2.5195312500e-07 1.0817871094e-06 8.4545898438e-07
-6.8033379694e+01 0.0000000000e+00 0.0000000000e+00 2.5195312500e-07 1.0817871094e-06 8.4545898438e-07
-6.7805285118e+01 0.0000000000e+00 0.0000000000e+00 2.5195312500e-07 1.0817871094e-06 8.4545898438e-07
-6.7577190542e+01 0.0000000000e+00 0.0000000000e+00 2.5195312500e-07 1.0817871094e-06 8.4545898438e-07
-6.7349095967e+01 0.0000000000e+00 0.0000000000e+00 2.5195312500e-07 1.0817871094e-06 8.4545898438e-07
-6.7121001391e+01 0.0000000000e+00 0.0000000000e+00 2.5195312500e-07 1.0817871094e-06 8.4545898438e-07
-6.6892906815e+01 0.0000000000e+00 0.0000000000e+00 2.5195312500e-07 1.0817871094e-06 8.4545898438e-07
-6.6664812239e+01 0.0000000000e+00 0.0000000000e+00 2.5195312500e-07 1.0817871094e-06 8.4545898438e-07
-6.6436717663e+01 0.0000000000e+00 0.0000000000e+00 2.5195312500e-07 1.0817871094e-06 8.4545898438e-07
-6.6208623088e+01 0.0000000000e+00 0.0000000000e+00 2.5195312500e-07 1.0817871094e-06 8.4545898438e-07
-6.5980528512e+01 0.0000000000e+00 0.0000000000e+00 2.5195312500e-07 1.0817871094e-06 8.4545898438e-07
-6.5752433936e+01 0.0000000000e+00 0.0000000000e+00 2.5195312500e-07 1.0817871094e-06 8.4545898438e-07
-6.5524339360e+01 0.0000000000e+00 0.0000000000e+00 2.5195312500e-07 1.0817871094e-06 8.4545898438e-07
-6.5296244784e+01 0.0000000000e+00 0.0000000000e+00 2.5195312500e-07 1.0817871094e-06 8.4545898438e-07
-6.5068150209e+01 0.0000000000e+00 0.0000000000e+00 2.5195312500e-07 1.0817871094e-06 8.4545898438e-07
-6.4840055633e+01 0.0000000000e+00 0.0000000000e+00 2.5195312500e-07 1.0817871094e-06 8.4545898438e-07
-6.4611961057e+01 0.0000000000e+00 0.0000000000e+00 2.5195312500e-07 1.0817871094e-06 8.4545898438e-07
-6.4383866481e+01 0.0000000000e+00 0.0000000000e+00 2.5195312500e-07 1.0817871094e-06 8.4545898438e-07
-6.4155771905e+01 0.0000000000e+00 0.0000000000e+00 2.5195312500e-07 1.0817871094e-06 8.4545898438e-07
-6.3927677330e+01 0.0000000000e+00 0.0000000000e+00 2.5195312500e-07 1.0817871094e-06 8.4545898438e-07
-6.3699582754e+01 0.0000000000e+00 0.0000000000e+00 2.5195312500e-07 1.0817871094e-06 8.4545898438e-07
-6.3471488178e+01 0.0000000000e+00 0.0000000000e+00 2.5195312500e-07 1.0817871094e-06 8.4545898438e-07
-6.3243393602e+01 0.0000000000e+00 0.0000000000e+00 2.5195312500e-07 1.0817871094e-06 8.4545898438e-07
-6.3015299026e+01 0.0000000000e+00 0.0000000000e+00 2.5195312500e-07 1.0817871094e-06 8.4545898438e-07
-6.2787204451e+01 0.0000000000e+00 0.0000000000e+00 2.5195312500e-07 1.0817871094e-06 8.4545898438e-07
-6.2559109875e+01 0.0000000000e+00 0.0000000000e+00 2.5195312500e-07 1.0817871094e-06 8.4545898438e-07
-6.2331015299e+01 0.0000000000e+00 0.0000000000e+00 2.5195312500e-07 1.0817871094e-06 8.4545898438e-07
-6.2102920723e+01 0.0000000000e+00 0.0000000000e+00 2.5195312500e-07 1.0817871094e-06 8.4545898438e-07
-6.1874826147e+01 0.0000000000e+00 0.0000000000e+00 2.5195312500e-07 1.0817871094e-06 8.4545898438e-07
-6.1646731572e+01 0.0000000000e+00 0.0000000000e+00 2.5195312500e-07 1.0817871094e-06 8.4545898438e-07
-6.1418636996e+01 0.0000000000e+00 0.0000000000e+00 2.5195312500e-07 1.0817871094e-06 8.4545898438e-07
-6.1190542420e+01 0.0000000000e+00 0.0000000000e+00 2.5195312500e-07 1.0817871094e-06 8.4545898438e-07
-6.0962447844e+01 0.0000000000e+00 0.0000000000e+00 2.5195312500e-07 1.0817871094e-06 8.4545898438e-07
-6.0734353268e+01 0.0000000000e+00 0.0000000000e+00 2.5195312500e-07 1.0817871094e-06 8.4545898438e-07
-6.0506258693e+01 0.0000000000e+00 0.0000000000e+00 2.5195312500e-07 1.0817871094e-06 8.4545898438e-07
-6.0278164117e+01 0.0000000000e+00 0.0000000000e+00 2.5195312500e-07 1.0817871094e-06 8.4545898438e-07
-6.0050069541e+01 0.0000000000e+00 0.0000000000e+00 2.5195312500e-07 1.0817871094e-06 8.4545898438e-07
-5.9821974965e+01 2.4672668228e-06 1.9672668228e-06 2.7192199478e-06 3.5490539322e-06 3.3127258072e-06
-5.9593880389e+01 0.0000000000e+00 0.0000000000e+00 2.5195312500e-07 1.0817871094e-06 8.4545898438e-07
-5.9365785814e+01 0.0000000000e+00 0.0000000000e+00 2.5195312500e-07 1.0817871094e-06 8.4545898438e-07
-5.9137691238e+01 0.0000000000e+00 0.0000000000e+00 2.5195312500e-07 1.0817871094e-06 8.4545898438e-07
-5.8909596662e+01 0.0000000000e+00 0.0000000000e+00 2.5195312500e-07 1.0817871094e-06 8.4545898438e-07
-5.8681502086e+01 0.0000000000e+00 0.0000000000e+00 2.5195312500e-07 1.0817871094e-06 8.4545898438e-07
-5.8453407510e+01 9.4279552830e-07 4.4279552830e-07 1.1947486533e-06 2.0245826377e-06 1.7882545127e-06
-5.8225312935e+01 6.0714288387e-08 0.0000000000e+00 3.1266741339e-07 1.1425013978e-06 9.0617327276e-07
-5.7997218359e+01 0.0000000000e+00 0.0000000000e+00 2.5195312500e-07 1.0817871094e-06 8.4545898438e-07
-5.7769123783e+01 0.0000000000e+00 0.0000000000e+00 2.5195312500e-07 1.0817871094e-06 8.4545898438e-07
-5.7541029207e+01 0.0000000000e+00 0.0000000000e+00 2.5195312500e-07 1.0817871094e-06 8.4545898438e-07
-5.7312934631e+01 2.0216721712e-06 1.5216721712e-06 2.2736252962e-06 3.1034592806e-06 2.8671311556e-06
-5.7084840056e+01 0.0000000000e+00 0.0000000000e+00 2.5195312500e-07 1.0817871094e-06 8.4545898438e-07
-5.6856745480e+01 0.0000000000e+00 0.0000000000e+00 2.5195312500e-07 1.0817871094e-06 8.4545898438e-07
-5.6628650904e+01 0.0000000000e+00 0.0000000000e+00 2.5195312500e-07 1.0817871094e-06 8.4545898438e-07
-5.6400556328e+01 1.8968745383e-06 1.3968745383e-06 2.1488276633e-06 2.9786616477e-06 2.7423335227e-06
-5.6172461752e+01 0.0000000000e+00 0.0000000000e+00 2.5195312500e-07 1.0817871094e-06 8.4545898438e-07
-5.5944367177e+01 0.0000000000e+00 0.0000000000e+00 2.5195312500e-07 1.0817871094e-06 8.4545898438e-07
-5.5716272601e+01 6.1344760761e-07 1.1344760761e-07 8.6540073261e-07 1.6952347170e-06 1.4589065920e-06
-5.5488178025e+01 0.0000000000e+00 0.0000000000e+00 2.5195312500e-07 1.0817871094e-06 8.4545898438e-07
-5.5260083449e+01 0.0000000000e+00 0.0000000000e+00 2.5195312500e-07 1.0817871094e-06 8.4545898438e-07
-5.5031988873e+01 1.5262927024e-07 0.0000000000e+00 4.0458239524e-07 1.2344163796e-06 9.9808825462e-07
-5.4803894298e+01 0.0000000000e+00 0.0000000000e+00 2.5195312500e-07 1.0817871094e-06 8.4545898438e-07
-5.4575799722e+01 0.0000000000e+00 0.0000000000e+00 2.5195312500e-07 1.0817871094e-06 8.4545898438e-07
-5.4347705146e+01 1.5833016885e-06 1.0833016885e-06 1.8352548135e-06 2.6650887979e-06 2.4287606729e-06
-5.4119610570e+01 0.0000000000e+00 0.0000000000e+00 2.5195312500e-07 1.0817871094e-06 8.4545898438e-07
-5.3891515994e+01 0.0000000000e+00 0.0000000000e+00 2.5195312500e-07 1.0817871094e-06 8.4545898438e-07
-5.3663421419e+01 1.4232498900e-06 9.2324989000e-07 1.6752030150e-06 2.5050369994e-06 2.2687088744e-06
-5.3435326843e+01 0.0000000000e+00 0.0000000000e+00 2.5195312500e-07 1.0817871094e-06 8.4545898438e-07
-5.3207232267e+01 1.3641927575e-07 0.0000000000e+00 3.8837240075e-07 1.2182063851e-06 9.8187826013e-07
-5.2979137691e+01 0.0000000000e+00 0.0000000000e+00 2.5195312500e-07 1.0817871094e-06 8.4545898438e-07
-5.2751043115e+01 0.0000000000e+00 0.0000000000e+00 2.5195312500e-07 1.0817871094e-06 8.4545898438e-07
-5.2522948540e+01 7.0755085580e-07 2.0755085580e-07 9.5950398080e-07 1.7893379652e-06 1.5530098402e-06
-5.2294853964e+01 0.0000000000e+00 0.0000000000e+00 2.5195312500e-07 1.0817871094e-06 8.4545898438e-07
-5.2066759388e+01 1.5181091151e-06 1.0181091151e-06 1.7700622401e-06 2.5998962245e-06 2.3635680995e-06
-5.1838664812e+01 0.0000000000e+00 0.0000000000e+00 2.5195312500e-07 1.0817871094e-06 8.4545898438e-07
-5.1610570236e+01 0.0000000000e+00 0.0000000000e+00 2.5195312500e-07 1.0817871094e-06 8.4545898438e-07
-5.1382475661e+01 0.0000000000e+00 0.0000000000e+00 2.5195312500e-07 1.0817871094e-06 8.4545898438e-07
-5.1154381085e+01 0.0000000000e+00 0.0000000000e+00 2.5195312500e-07 1.0817871094e-06 8.4545898438e-07
-5.0926286509e+01 0.0000000000e+00 0.0000000000e+00 2.5195312500e-07 1.0817871094e-06 8.4545898438e-07
-5.0698191933e+01 0.0000000000e+00 0.0000000000e+00 2.5195312500e-07 1.0817871094e-06 8.4545898438e-07
-5.0470097357e+01 1.4502187029e-06 9.5021870290e-07 1.7021718279e-06 2.5320058123e-06 2.2956776873e-06
-5.0242002782e+01 0.0000000000e+00 0.0000000000e+00 2.5195312500e-07 1.0817871094e-06 8.4545898438e-07
-5.0013908206e+01 1.4367999661e-06 9.3679996610e-07 1.6887530911e-06 2.5185870755e-06 2.2822589505e-06
-4.9785813630e+01 0.0000000000e+00 0.0000000000e+00 2.5195312500e-07 1.0817871094e-06 8.4545898438e-07
-4.9557719054e+01 3.3324105093e-08 0.0000000000e+00 2.8527723009e-07 1.1151112145e-06 8.7878308947e-07
-4.9329624478e+01 0.0000000000e+00 0.0000000000e+00 2.5195312500e-07 1.0817871094e-06 8.4545898438e-07
-4.9101529903e+01 0.0000000000e+00 0.0000000000e+00 2.5195312500e-07 1.0817871094e-06 8.4545898438e-07
-4.8873435327e+01 0.0000000000e+00 0.0000000000e+00 2.5195312500e-07 1.0817871094e-06 8.4545898438e-07
-4.8645340751e+01 0.0000000000e+00 0.0000000000e+00 2.5195312500e-07 1.0817871094e-06 8.4545898438e-07
-4.8417246175e+01 0.0000000000e+00 0.0000000000e+00 2.5195312500e-07 1.0817871094e-06 8.4545898438e-07
-4.8189151599e+01 0.0000000000e+00 0.0000000000e+00 2.5195312500e-07 1.0817871094e-06 8.4545898438e-07
-4.7961057024e+01 0.0000000000e+00 0.0000000000e+00 2.5195312500e-07 1.0817871094e-06 8.4545898438e-07
-4.7732962448e+01 0.0000000000e+00 0.0000000000e+00 2.5195312500e-07 1.0817871094e-06 8.4545898438e-07
-4.7504867872e+01 0.0000000000e+00 0.0000000000e+00 2.5195312500e-07 1.0817871094e-06 8.4545898438e-07
-4.7276773296e+01 0.0000000000e+00 0.0000000000e+00 2.5195312500e-07 1.0817871094e-06 8.4545898438e-07
-4.7048678720e+01 0.0000000000e+00 0.0000000000e+00 2.5195312500e-07 1.0817871094e-06 8.4545898438e-07
-4.6820584145e+01 0.0000000000e+00 0.0000000000e+00 2.5195312500e-07 1.0817871094e-06 8.4545898438e-07
-4.6592489569e+01 0.0000000000e+00 0.0000000000e+00 2.5195312500e-07 1.0817871094e-06 8.4545898438e-07
-4.6364394993e+01 0.0000000000e+00 0.0000000000e+00 2.5195312500e-07 1.0817871094e-06 8.4545898438e-07
-4.6136300417e+01 0.0000000000e+00 0.0000000000e+00 2.5195312500e-07 1.0817871094e-06 8.4545898438e-07
-4.5908205841e+01 0.0000000000e+00 0.0000000000e+00 2.5195312500e-07 1.0817871094e-06 8.4545898438e-07
-4.5680111266e+01 0.0000000000e+00 0.0000000000e+00 2.5195312500e-07 1.0817871094e-06 8.4545898438e-07
-4.5452016690e+01 0.0000000000e+00 0.0000000000e+00 2.5195312500e-07 1.0817871094e-06 8.4545898438e-07
-4.5223922114e+01 0.0000000000e+00 0.0000000000e+00 2.5195312500e-07 1.0817871094e-06 8.4545898438e-07
-4.4995827538e+01 0.0000000000e+00 0.0000000000e+00 2.5195312500e-07 1.0817871094e-06 8.4545898438e-07
-4.4767732962e+01 0.0000000000e+00 0.0000000000e+00 2.5195312500e-07 1.0817871094e-06 8.4545898438e-07
-4.4539638387e+01 0.0000000000e+00 0.0000000000e+00 2.5195312500e-07 1.0817871094e-06 8.4545898438e-07
-4.4311543811e+01 0.0000000000e+00 0.0000000000e+00 2.5195312500e-07 1.0817871094e-06 8.4545898438e-07
-4.4083449235e+01 0.0000000000e+00 0.0000000000e+00 2.5195312500e-07 1.0817871094e-06 8.4545898438e-07
-4.3855354659e+01 0.0000000000e+00 0.0000000000e+00 2.5195312500e-07 1.0817871094e-06 8.4545898438e-07
-4.3627260083e+01 0.0000000000e+00 0.0000000000e+00 2.5195312500e-07 1.0817871094e-06 8.4545898438e-07
-4.3399165508e+01 0.0000000000e+00 0.0000000000e+00 2.5195312500e-07 1.0817871094e-06 8.4545898438e-07
-4.3171070932e+01 0.0000000000e+00 0.0000000000e+00 2.5195312500e-07 1.0817871094e-06 8.4545898438e-07
-4.2942976356e+01 0.0000000000e+00 0.0000000000e+00 2.5195312500e-07 1.0817871094e-06 8.4545898438e-07
-4.2714881780e+01 0.0000000000e+00 0.0000000000e+00 2.5195312500e-07 1.0817871094e-06 8.4545898438e-07
-4.2486787204e+01 0.0000000000e+00 0.0000000000e+00 2.5195312500e-07 1.0817871094e-06 8.4545898438e-07
-4.2258692629e+01 0.0000000000e+00 0.0000000000e+00 2.5195312500e-07 1.0817871094e-06 8.4545898438e-07
-4.2030598053e+01 0.0000000000e+00 0.0000000000e+00 2.5195312500e-07 1.0817871094e-06 8.4545898438e-07
-4.1802503477e+01 0.0000000000e+00 0.0000000000e+00 2.5195312500e-07 1.0817871094e-06 8.4545898438e-07
-4.1574408901e+01 0.0000000000e+00 0.0000000000e+00 2.5195312500e-07 1.0817871094e-06 8.4545898438e-07
-4.1346314325e+01 0.0000000000e+00 0.0000000000e+00 2.5195312500e-07 1.0817871094e-06 8.4545898438e-07
-4.1118219750e+01 0.0000000000e+00 0.0000000000e+00 2.5195312500e-07 1.0817871094e-06 8.4545898438e-07
-4.0890125174e+01 0.0000000000e+00 0.0000000000e+00 2.5195312500e-07 1.0817871094e-06 8.4545898438e-07
-4.0662030598e+01 0.0000000000e+00 0.0000000000e+00 2.5195312500e-07 1.0817871094e-06 8.4545898438e-07
-4.0433936022e+01 0.0000000000e+00 0.0000000000e+00 2.5195312500e-07 1.0817871094e-06 8.4545898438e-07
-4.0205841446e+01 0.0000000000e+00 0.0000000000e+00 2.5195312500e-07 1.0817871094e-06 8.4545898438e-07
-3.9977746871e+01 0.0000000000e+00 0.0000000000e+00 2.5195312500e-07 1.0817871094e-06 8.4545898438e-07
-3.9749652295e+01 0.0000000000e+00 0.0000000000e+00 2.5195312500e-07 1.0817871094e-06 8.4545898438e-07
-3.9521557719e+01 0.0000000000e+00 0.0000000000e+00 2.5195312500e-07 1.0817871094e-06 8.4545898438e-07
-3.9293463143e+01 0.0000000000e+00 0.0000000000e+00 2.5195312500e-07 1.0817871094e-06 8.4545898438e-07
-3.9065368567e+01 0.0000000000e+00 0.0000000000e+00 2.5195312500e-07 1.0817871094e-06 8.4545898438e-07
-3.8837273992e+01 0.0000000000e+00 0.0000000000e+00 2.5195312500e-07 1.0817871094e-06 8.4545898438e-07
-3.8609179416e+01 0.0000000000e+00 0.0000000000e+00 2.5195312500e-07 1.0817871094e-06 8.4545898438e-07
-3.8381084840e+01 0.0000000000e+00 0.0000000000e+00 2.5195312500e-07 1.0817871094e-06 8.4545898438e-07
-3.8152990264e+01 0.0000000000e+00 0.0000000000e+00 2.5195312500e-07 1.0817871094e-06 8.4545898438e-07
-3.7924895688e+01 0.0000000000e+00 0.0000000000e+00 2.5195312500e-07 1.0817871094e-06 8.4545898438e-07
-3.7696801113e+01 0.0000000000e+00 0.0000000000e+00 2.5195312500e-07 1.0817871094e-06 8.4545898438e-07
-3.7468706537e+01 0.0000000000e+00 0.0000000000e+00 2.5195312500e-07 1.0817871094e-06 8.4545898438e-07
-3.7240611961e+01 0.0000000000e+00 0.0000000000e+00 2.5195312500e-07 1.0817871094e-06 8.4545898438e-07
-3.7012517385e+01 0.0000000000e+00 0.0000000000e+00 2.5195312500e-07 1.0817871094e-06 8.4545898438e-07
-3.6784422809e+01 0.0000000000e+00 0.0000000000e+00 2.5195312500e-07 1.0817871094e-06 8.4545898438e-07
-3.6556328234e+01 0.0000000000e+00 0.0000000000e+00 2.5195312500e-07 1.0817871094e-06 8.4545898438e-07
-3.6328233658e+01 0.0000000000e+00 0.0000000000e+00 2.5195312500e-07 1.0817871094e-06 8.4545898438e-07
-3.6100139082e+01 0.0000000000e+00 0.0000000000e+00 2.5195312500e-07 1.0817871094e-06 8.4545898438e-07
-3.5872044506e+01 0.0000000000e+00 0.0000000000e+00 2.5195312500e-07 1.0817871094e-06 8.4545898438e-07
-3.5643949930e+01 0.0000000000e+00 0.0000000000e+00 2.5195312500e-07 1.0817871094e-06 8.4545898438e-07
-3.5415855355e+01 0.0000000000e+00 0.0000000000e+00 2.5195312500e-07 1.0817871094e-06 8.4545898438e-07
-3.5187760779e+01 0.0000000000e+00 0.0000000000e+00 2.5195312500e-07 1.0817871094e-06 8.4545898438e-07
-3.4959666203e+01 0.0000000000e+00 0.0000000000e+00 2.5195312500e-07 1.0817871094e-06 8.4545898438e-07
-3.4731571627e+01 0.0000000000e+00 0.0000000000e+00 2.5195312500e-07 1.0817871094e-06 8.4545898438e-07
-3.4503477051e+01 0.0000000000e+00 0.0000000000e+00 2.5195312500e-07 1.0817871094e-06 8.4545898438e-07
-3.4275382476e+01 0.0000000000e+00 0.0000000000e+00 2.5195312500e-07 1.0817871094e-06 8.4545898438e-07
-3.4047287900e+01 0.0000000000e+00 0.0000000000e+00 2.5195312500e-07 1.0817871094e-06 8.4545898438e-07
-3.3819193324e+01 0.0000000000e+00 0.0000000000e+00 2.5195312500e-07 1.0817871094e-06 8.4545898438e-07
-3.3591098748e+01 0.0000000000e+00 0.0000000000e+00 2.5195312500e-07 1.0817871094e-06 8.4545898438e-07
-3.3363004172e+01 0.0000000000e+00 0.0000000000e+00 2.5195312500e-07 1.0817871094e-06 8.4545898438e-07
-3.3134909597e+01 0.0000000000e+00 0.0000000000e+00 2.5195312500e-07 1.0817871094e-06 8.4545898438e-07
-3.2906815021e+01 0.0000000000e+00 0.0000000000e+00 2.5195312500e-07 1.0817871094e-06 8.4545898438e-07
-3.2678720445e+01 0.0000000000e+00 0.0000000000e+00 2.5195312500e-07 1.0817871094e-06 8.4545898438e-07
-3.2450625869e+01 0.0000000000e+00 0.0000000000e+00 2.5195312500e-07 1.0817871094e-06 8.4545898438e-07
-3.2222531293e+01 0.0000000000e+00 0.0000000000e+00 2.5195312500e-07 1.0817871094e-06 8.4545898438e-07
-3.1994436718e+01 0.0000000000e+00 0.0000000000e+00 2.5195312500e-07 1.0817871094e-06 8.4545898438e-07
-3.1766342142e+01 0.0000000000e+00 0.0000000000e+00 2.5195312500e-07 1.0817871094e-06 8.4545898438e-07
-3.1538247566e+01 0.0000000000e+00 0.0000000000e+00 2.5195312500e-07 1.0817871094e-06 8.4545898438e-07
-3.1310152990e+01 0.0000000000e+00 0.0000000000e+00 2.5195312500e-07 1.0817871094e-06 8.4545898438e-07
-3.1082058414e+01 0.0000000000e+00 0.0000000000e+00 2.5195312500e-07 1.0817871094e-06 8.4545898438e-07
-3.0853963839e+01 0.0000000000e+00 0.0000000000e+00 2.5195312500e-07 1.0817871094e-06 8.4545898438e-07
-3.0625869263e+01 0.0000000000e+00 0.0000000000e+00 2.5195312500e-07 1.0817871094e-06 8.4545898438e-07
-3.0397774687e+01 0.0000000000e+00 0.0000000000e+00 2.5195312500e-07 1.0817871094e-06 8.4545898438e-07
-3.0169680111e+01 0.0000000000e+00 0.0000000000e+00 2.5195312500e-07 1.0817871094e-06 8.4545898438e-07
-2.9941585535e+01 0.0000000000e+00 0.0000000000e+00 2.5195312500e-07 1.0817871094e-06 8.4545898438e-07
-2.9713490960e+01 0.0000000000e+00 0.0000000000e+00 2.5195312500e-07 1.0817871094e-06 8.4545898438e-07
-2.9485396384e+01 0.0000000000e+00 0.0000000000e+00 2.5195312500e-07 1.0817871094e-06 8.4545898438e-07
-2.9257301808e+01 0.0000000000e+00 0.0000000000e+00 2.5195312500e-07 1.0817871094e-06 8.4545898438e-07
-2.9029207232e+01 0.0000000000e+00 0.0000000000e+00 2.5195312500e-07 1.0817871094e-06 8.4545898438e-07
-2.8801112656e+01 0.0000000000e+00 0.0000000000e+00 2.5195312500e-07 1.0817871094e-06 8.4545898438e-07
-2.8573018081e+01 0.0000000000e+00 0.0000000000e+00 2.5195312500e-07 1.0817871094e-06 8.4545898438e-07
-2.8344923505e+01 0.0000000000e+00 0.0000000000e+00 2.5195312500e-07 1.0817871094e-06 8.4545898438e-07
-2.8116828929e+01 0.0000000000e+00 0.0000000000e+00 2.5195312500e-07 1.0817871094e-06 8.4545898438e-07
-2.7888734353e+01 0.0000000000e+00 0.0000000000e+00 2.5195312500e-07 1.0817871094e-06 8.4545898438e-07
-2.7660639777e+01 0.0000000000e+00 0.0000000000e+00 2.5195312500e-07 1.0817871094e-06 8.4545898438e-07
-2.7432545202e+01 0.0000000000e+00 0.0000000000e+00 2.5195312500e-07 1.0817871094e-06 8.4545898438e-07
-2.7204450626e+01 0.0000000000e+00 0.0000000000e+00 2.5195312500e-07 1.0817871094e-06 8.4545898438e-07
-2.6976356050e+01 0.0000000000e+00 0.0000000000e+00 2.5195312500e-07 1.0817871094e-06 8.4545898438e-07
-2.6748261474e+01 0.0000000000e+00 0.0000000000e+00 2.5195312500e-07 1.0817871094e-06 8.4545898438e-07
-2.6520166898e+01 0.0000000000e+00 0.0000000000e+00 2.5195312500e-07 1.0817871094e-06 8.4545898438e-07
-2.6292072323e+01 0.0000000000e+00 0.0000000000e+00 2.5195312500e-07 1.0817871094e-06 8.4545898438e-07
-2.6063977747e+01 0.0000000000e+00 0.0000000000e+00 2.5195312500e-07 1.0817871094e-06 8.4545898438e-07
-2.5835883171e+01 0.0000000000e+00 0.0000000000e+00 2.5195312500e-07 1.0817871094e-06 8.4545898438e-07
-2.5607788595e+01 0.0000000000e+00 0.0000000000e+00 2.5195312500e-07 1.0817871094e-06 8.4545898438e-07
-2.5379694019e+01 0.0000000000e+00 0.0000000000e+00 2.5195312500e-07 1.0817871094e-06 8.4545898438e-07
-2.5151599444e+01 0.0000000000e+00 0.0000000000e+00 2.5195312500e-07 1.0817871094e-06 8.4545898438e-07
-2.4923504868e+01 0.0000000000e+00 0.0000000000e+00 2.5195312500e-07 1.0817871094e-06 8.4545898438e-07
-2.4695410292e+01 0.0000000000e+00 0.0000000000e+00 2.5195312500e-07 1.0817871094e-06 8.4545898438e-07
-2.4467315716e+01 0.0000000000e+00 0.0000000000e+00 2.5195312500e-07 1.0817871094e-06 8.4545898438e-07
-2.4239221140e+01 0.0000000000e+00 0.0000000000e+00 2.5195312500e-07 1.0817871094e-06 8.4545898438e-07
-2.4011126565e+01 0.0000000000e+00 0.0000000000e+00 2.5195312500e-07 1.0817871094e-06 8.4545898438e-07
-2.3783031989e+01 0.0000000000e+00 0.0000000000e+00 2.5195312500e-07 1.0817871094e-06 8.4545898438e-07
-2.3554937413e+01 0.0000000000e+00 0.0000000000e+00 2.5195312500e-07 1.0817871094e-06 8.4545898438e-07
-2.3326842837e+01 0.0000000000e+00 0.0000000000e+00 2.5195312500e-07 1.0817871094e-06 8.4545898438e-07
-2.3098748261e+01 0.0000000000e+00 0.0000000000e+00 2.5195312500e-07 1.0817871094e-06 8.4545898438e-07
-2.2870653686e+01 3.2779486522e-06 2.7779486522e-06 3.5299017772e-06 4.3597357616e-06 4.1234076366e-06
-2.2642559110e+01 0.0000000000e+00 0.0000000000e+00 2.5195312500e-07 1.0817871094e-06 8.4545898438e-07
-2.2414464534e+01 0.0000000000e+00 0.0000000000e+00 2.5195312500e-07 1.0817871094e-06 8.4545898438e-07
-2.2186369958e+01 0.0000000000e+00 0.0000000000e+00 2.5195312500e-07 1.0817871094e-06 8.4545898438e-07
-2.1958275382e+01 0.0000000000e+00 0.0000000000e+00 2.5195312500e-07 1.0817871094e-06 8.4545898438e-07
-2.1730180807e+01 0.0000000000e+00 0.0000000000e+00 2.5195312500e-07 1.0817871094e-06 8.4545898438e-07
-2.1502086231e+01 4.2090877991e-08 0.0000000000e+00 2.9404400299e-07 1.1238779874e-06 8.8754986237e-07
-2.1273991655e+01 0.0000000000e+00 0.0000000000e+00 2.5195312500e-07 1.0817871094e-06 8.4545898438e-07
-2.1045897079e+01 0.0000000000e+00 0.0000000000e+00 2.5195312500e-07 1.0817871094e-06 8.4545898438e-07
-2.0817802503e+01 0.0000000000e+00 0.0000000000e+00 2.5195312500e-07 1.0817871094e-06 8.4545898438e-07
-2.0589707928e+01 0.0000000000e+00 0.0000000000e+00 2.5195312500e-07 1.0817871094e-06 8.4545898438e-07
-2.0361613352e+01 2.6732406561e-06 2.1732406561e-06 2.9251937811e-06 3.7550277655e-06 3.5186996405e-06
-2.0133518776e+01 0.0000000000e+00 0.0000000000e+00 2.5195312500e-07 1.0817871094e-06 8.4545898438e-07
-1.9905424200e+01 0.0000000000e+00 0.0000000000e+00 2.5195312500e-07 1.0817871094e-06 8.4545898438e-07
-1.9677329624e+01 0.0000000000e+00 0.0000000000e+00 2.5195312500e-07 1.0817871094e-06 8.4545898438e-07
-1.9449235049e+01 0.0000000000e+00 0.0000000000e+00 2.5195312500e-07 1.0817871094e-06 8.4545898438e-07
-1.9221140473e+01 0.0000000000e+00 0.0000000000e+00 2.5195312500e-07 1.0817871094e-06 8.4545898438e-07
-1.8993045897e+01 2.4582773525e-06 1.9582773525e-06 2.7102304775e-06 3.5400644619e-06 3.3037363369e-06
-1.8764951321e+01 0.0000000000e+00 0.0000000000e+00 2.5195312500e-07 1.0817871094e-06 8.4545898438e-07
-1.8536856745e+01 0.0000000000e+00 0.0000000000e+00 2.5195312500e-07 1.0817871094e-06 8.4545898438e-07
-1.8308762170e+01 0.0000000000e+00 0.0000000000e+00 2.5195312500e-07 1.0817871094e-06 8.4545898438e-07
-1.8080667594e+01 0.0000000000e+00 0.0000000000e+00 2.5195312500e-07 1.0817871094e-06 8.4545898438e-07
-1.7852573018e+01 2.6257159368e-07 0.0000000000e+00 5.1452471868e-07 1.3443587031e-06 1.1080305781e-06
-1.7624478442e+01 0.0000000000e+00 0.0000000000e+00 2.5195312500e-07 1.0817871094e-06 8.4545898438e-07
-1.7396383866e+01 0.0000000000e+00 0.0000000000e+00 2.5195312500e-07 1.0817871094e-06 8.4545898438e-07
-1.7168289291e+01 0.0000000000e+00 0.0000000000e+00 2.5195312500e-07 1.0817871094e-06 8.4545898438e-07
-1.6940194715e+01 0.0000000000e+00 0.0000000000e+00 2.5195312500e-07 1.0817871094e-06 8.4545898438e-07
-1.6712100139e+01 0.0000000000e+00 0.0000000000e+00 2.5195312500e-07 1.0817871094e-06 8.4545898438e-07
-1.6484005563e+01 3.0422364400e-06 2.5422364400e-06 3.2941895650e-06 4.1240235494e-06 3.8876954244e-06
-1.6255910987e+01 0.0000000000e+00 0.0000000000e+00 2.5195312500e-07 1.0817871094e-06 8.4545898438e-07
-1.6027816412e+01 0.0000000000e+00 0.0000000000e+00 2.5195312500e-07 1.0817871094e-06 8.4545898438e-07
-1.5799721836e+01 0.0000000000e+00 0.0000000000e+00 2.5195312500e-07 1.0817871094e-06 8.4545898438e-07
-1.5571627260e+01 0.0000000000e+00 0.0000000000e+00 2.5195312500e-07 1.0817871094e-06 8.4545898438e-07
-1.5343532684e+01 0.0000000000e+00 0.0000000000e+00 2.5195312500e-07 1.0817871094e-06 8.4545898438e-07
-1.5115438108e+01 9.8807492093e-07 4.8807492093e-07 1.2400280459e-06 2.0698620303e-06 1.8335339053e-06
-1.4887343533e+01 0.0000000000e+00 0.0000000000e+00 2.5195312500e-07 1.0817871094e-06 8.4545898438e-07
-1.4659248957e+01 0.0000000000e+00 0.0000000000e+00 2.5195312500e-07 1.0817871094e-06 8.4545898438e-07
-1.4431154381e+01 0.0000000000e+00 0.0000000000e+00 2.5195312500e-07 1.0817871094e-06 8.4545898438e-07
-1.4203059805e+01 0.0000000000e+00 0.0000000000e+00 2.5195312500e-07 1.0817871094e-06 8.4545898438e-07
-1.3974965229e+01 2.5961771383e-06 2.0961771383e-06 2.8481302633e-06 3.6779642477e-06 3.4416361227e-06
-1.3746870654e+01 0.0000000000e+00 0.0000000000e+00 2.5195312500e-07 1.0817871094e-06 8.4545898438e-07
-1.3518776078e+01 0.0000000000e+00 0.0000000000e+00 2.5195312500e-07 1.0817871094e-06 8.4545898438e-07
-1.3290681502e+01 0.0000000000e+00 0.0000000000e+00 2.5195312500e-07 1.0817871094e-06 8.4545898438e-07
-1.3062586926e+01 0.0000000000e+00 0.0000000000e+00 2.5195312500e-07 1.0817871094e-06 8.4545898438e-07
-1.2834492350e+01 0.0000000000e+00 0.0000000000e+00 2.5195312500e-07 1.0817871094e-06 8.4545898438e-07
-1.2606397775e+01 7.9885777251e-07 2.9885777251e-07 1.0508108975e-06 1.8806448819e-06 1.6443167569e-06
-1.2378303199e+01 0.0000000000e+00 0.0000000000e+00 2.5195312500e-07 1.0817871094e-06 8.4545898438e-07
-1.2150208623e+01 0.0000000000e+00 0.0000000000e+00 2.5195312500e-07 1.0817871094e-06 8.4545898438e-07
-1.1922114047e+01 0.0000000000e+00 0.0000000000e+00 2.5195312500e-07 1.0817871094e-06 8.4545898438e-07
-1.1694019471e+01 0.0000000000e+00 0.0000000000e+00 2.5195312500e-07 1.0817871094e-06 8.4545898438e-07
-1.1465924896e+01 3.0649556974e-06 2.5649556974e-06 3.3169088224e-06 4.1467428068e-06 3.9104146818e-06
-1.1237830320e+01 0.0000000000e+00 0.0000000000e+00 2.5195312500e-07 1.0817871094e-06 8.4545898438e-07
-1.1009735744e+01 0.0000000000e+00 0.0000000000e+00 2.5195312500e-07 1.0817871094e-06 8.4545898438e-07
-1.0781641168e+01 0.0000000000e+00 0.0000000000e+00 2.5195312500e-07 1.0817871094e-06 8.4545898438e-07
-1.0553546592e+01 0.0000000000e+00 0.0000000000e+00 2.5195312500e-07 1.0817871094e-06 8.4545898438e-07
-1.0325452017e+01 1.8091778856e-07 0.0000000000e+00 4.3287091356e-07 1.2627048979e-06 1.0263767729e-06
-1.0097357441e+01 0.0000000000e+00 0.0000000000e+00 2.5195312500e-07 1.0817871094e-06 8.4545898438e-07
-9.8692628651e+00 0.0000000000e+00 0.0000000000e+00 2.5195312500e-07 1.0817871094e-06 8.4545898438e-07
-9.6411682893e+00 0.0000000000e+00 0.0000000000e+00 2.5195312500e-07 1.0817871094e-06 8.4545898438e-07
-9.4130737135e+00 0.0000000000e+00 0.0000000000e+00 2.5195312500e-07 1.0817871094e-06 8.4545898438e-07
-9.1849791377e+00 0.0000000000e+00 0.0000000000e+00 2.5195312500e-07 1.0817871094e-06 8.4545898438e-07
-8.9568845619e+00 2.6432966247e-06 2.1432966247e-06 2.8952497497e-06 3.7250837341e-06 3.4887556091e-06
-8.7287899861e+00 0.0000000000e+00 0.0000000000e+00 2.5195312500e-07 1.0817871094e-06 8.4545898438e-07
-8.5006954103e+00 0.0000000000e+00 0.0000000000e+00 2.5195312500e-07 1.0817871094e-06 8.4545898438e-07
-8.2726008345e+00 0.0000000000e+00 0.0000000000e+00 2.5195312500e-07 1.0817871094e-06 8.4545898438e-07
-8.0445062587e+00 0.0000000000e+00 0.0000000000e+00 2.5195312500e-07 1.0817871094e-06 8.4545898438e-07
-7.8164116829e+00 1.9982673801e-06 1.4982673801e-06 2.2502205051e-06 3.0800544895e-06 2.8437263645e-06
-7.5883171071e+00 0.0000000000e+00 0.0000000000e+00 2.5195312500e-07 1.0817871094e-06 8.4545898438e-07
-7.3602225313e+00 0.0000000000e+00 0.0000000000e+00 2.5195312500e-07 1.0817871094e-06 8.4545898438e-07
-7.1321279555e+00 0.0000000000e+00 0.0000000000e+00 2.5195312500e-07 1.0817871094e-06 8.4545898438e-07
-6.9040333797e+00 0.0000000000e+00 0.0000000000e+00 2.5195312500e-07 1.0817871094e-06 8.4545898438e-07
-6.6759388039e+00 0.0000000000e+00 0.0000000000e+00 2.5195312500e-07 1.0817871094e-06 8.4545898438e-07
-6.4478442281e+00 5.0704063480e-07 7.0406348000e-09 7.5899375980e-07 1.5888277442e-06 1.3524996192e-06
-6.2197496523e+00 0.0000000000e+00 0.0000000000e+00 2.5195312500e-07 1.0817871094e-06 8.4545898438e-07
-5.9916550765e+00 0.0000000000e+00 0.0000000000e+00 2.5195312500e-07 1.0817871094e-06 8.4545898438e-07
-5.7635605007e+00 0.0000000000e+00 0.0000000000e+00 2.5195312500e-07 1.0817871094e-06 8.4545898438e-07
-5.5354659249e+00 0.0000000000e+00 0.0000000000e+00 2.5195312500e-07 1.0817871094e-06 8.4545898438e-07
-5.3073713491e+00 3.0114101258e-06 2.5114101258e-06 3.2633632508e-06 4.0931972352e-06 3.8568691102e-06
-5.0792767733e+00 0.0000000000e+00 0.0000000000e+00 2.5195312500e-07 1.0817871094e-06 8.4545898438e-07
-4.8511821975e+00 0.0000000000e+00 0.0000000000e+00 2.5195312500e-07 1.0817871094e-06 8.4545898438e-07
-4.6230876217e+00 0.0000000000e+00 0.0000000000e+00 2.5195312500e-07 1.0817871094e-06 8.4545898438e-07
-4.3949930459e+00 0.0000000000e+00 0.0000000000e+00 2.5195312500e-07 1.0817871094e-06 8.4545898438e-07
-4.1668984701e+00 2.0651944385e-06 1.5651944385e-06 2.3171475635e-06 3.1469815479e-06 2.9106534229e-06
-3.9388038943e+00 0.0000000000e+00 0.0000000000e+00 2.5195312500e-07 1.0817871094e-06 8.4545898438e-07
-3.7107093185e+00 0.0000000000e+00 0.0000000000e+00 2.5195312500e-07 1.0817871094e-06 8.4545898438e-07
-3.4826147427e+00 0.0000000000e+00 0.0000000000e+00 2.5195312500e-07 1.0817871094e-06 8.4545898438e-07
-3.2545201669e+00 0.0000000000e+00 0.0000000000e+00 2.5195312500e-07 1.0817871094e-06 8.4545898438e-07
-3.0264255911e+00 8.9294039497e-08 0.0000000000e+00 3.4124716450e-07 1.1710811489e-06 9.3475302387e-07
-2.7983310153e+00 0.0000000000e+00 0.0000000000e+00 2.5195312500e-07 1.0817871094e-06 8.4545898438e-07
-2.5702364395e+00 0.0000000000e+00 0.0000000000e+00 2.5195312500e-07 1.0817871094e-06 8.4545898438e-07
-2.3421418637e+00 0.0000000000e+00 0.0000000000e+00 2.5195312500e-07 1.0817871094e-06 8.4545898438e-07
-2.1140472879e+00 0.0000000000e+00 0.0000000000e+00 2.5195312500e-07 1.0817871094e-06 8.4545898438e-07
-1.8859527121e+00 0.0000000000e+00 0.0000000000e+00 2.5195312500e-07 1.0817871094e-06 8.4545898438e-07
-1.6578581363e+00 6.0081138653e-07 1.0081138653e-07 8.5276451153e-07 1.6825984959e-06 1.4462703709e-06
-1.4297635605e+00 0.0000000000e+00 0.0000000000e+00 2.5195312500e-07 1.0817871094e-06 8.4545898438e-07
-1.2016689847e+00 0.0000000000e+00 0.0000000000e+00 2.5195312500e-07 1.0817871094e-06 8.4545898438e-07
-9.7357440890e-01 0.0000000000e+00 0.0000000000e+00 2.5195312500e-07 1.0817871094e-06 8.4545898438e-07
-7.4547983310e-01 0.0000000000e+00 0.0000000000e+00 2.5195312500e-07 1.0817871094e-06 8.4545898438e-07
-5.1738525730e-01 1.3689542897e-06 8.6895428970e-07 1.6209074147e-06 2.4507413991e-06 2.2144132741e-06
-2.8929068150e-01 0.0000000000e+00 0.0000000000e+00 2.5195312500e-07 1.0817871094e-06 8.4545898438e-07
-6.1196105702e-02 0.0000000000e+00 0.0000000000e+00 2.5195312500e-07 1.0817871094e-06 8.4545898438e-07
1.6689847010e-01 0.0000000000e+00 0.0000000000e+00 2.5195312500e-07 1.0817871094e-06 8.4545898438e-07
3.9499304590e-01 0.0000000000e+00 0.0000000000e+00 2.5195312500e-07 1.0817871094e-06 8.4545898438e-07
6.2308762170e-01 1.3964665637e-06 8.9646656370e-07 1.6484196887e-06 2.4782536731e-06 2.2419255481e-06
8.5118219750e-01 0.0000000000e+00 0.0000000000e+00 2.5195312500e-07 1.0817871094e-06 8.4545898438e-07
1.0792767733e+00 0.0000000000e+00 0.0000000000e+00 2.5195312500e-07 1.0817871094e-06 8.4545898438e-07
1.3073713491e+00 0.0000000000e+00 0.0000000000e+00 2.5195312500e-07 1.0817871094e-06 8.4545898438e-07
1.5354659249e+00 0.0000000000e+00 0.0000000000e+00 2.5195312500e-07 1.0817871094e-06 8.4545898438e-07
1.7635605007e+00 5.9515985456e-07 9.5159854560e-08 8.4711297956e-07 1.6769469639e-06 1.4406188389e-06
1.9916550765e+00 0.0000000000e+00 0.0000000000e+00 2.5195312500e-07 1.0817871094e-06 8.4545898438e-07
2.2197496523e+00 0.0000000000e+00 0.0000000000e+00 2.5195312500e-07 1.0817871094e-06 8.4545898438e-07
2.4478442281e+00 0.0000000000e+00 0.0000000000e+00 2.5195312500e-07 1.0817871094e-06 8.4545898438e-07
2.6759388039e+00 0.0000000000e+00 0.0000000000e+00 2.5195312500e-07 1.0817871094e-06 8.4545898438e-07
2.9040333797e+00 0.0000000000e+00 0.0000000000e+00 2.5195312500e-07 1.0817871094e-06 8.4545898438e-07
3.1321279555e+00 0.0000000000e+00 0.0000000000e+00 2.5195312500e-07 1.0817871094e-06 8.4545898438e-07
3.3602225313e+00 0.0000000000e+00 0.0000000000e+00 2.5195312500e-07 1.0817871094e-06 8.4545898438e-07
3.5883171071e+00 0.0000000000e+00 0.0000000000e+00 2.5195312500e-07 1.0817871094e-06 8.4545898438e-07
3.8164116829e+00 3.2487815659e-07 0.0000000000e+00 5.7683128159e-07 1.4066652660e-06 1.1703371410e-06
4.0445062587e+00 0.0000000000e+00 0.0000000000e+00 2.5195312500e-07 1.0817871094e-06 8.4545898438e-07
4.2726008345e+00 0.0000000000e+00 0.0000000000e+00 2.5195312500e-07 1.0817871094e-06 8.4545898438e-07
4.5006954103e+00 0.0000000000e+00 0.0000000000e+00 2.5195312500e-07 1.0817871094e-06 8.4545898438e-07
4.7287899861e+00 0.0000000000e+00 0.0000000000e+00 2.5195312500e-07 1.0817871094e-06 8.4545898438e-07
4.9568845619e+00 3.0536032448e-06 2.5536032448e-06 3.3055563698e-06 4.1353903542e-06 3.8990622292e-06
5.1849791377e+00 0.0000000000e+00 0.0000000000e+00 2.5195312500e-07 1.0817871094e-06 8.4545898438e-07
5.4130737135e+00 0.0000000000e+00 0.0000000000e+00 2.5195312500e-07 1.0817871094e-06 8.4545898438e-07
5.6411682893e+00 0.0000000000e+00 0.0000000000e+00 2.5195312500e-07 1.0817871094e-06 8.4545898438e-07
5.8692628651e+00 0.0000000000e+00 0.0000000000e+00 2.5195312500e-07 1.0817871094e-06 8.4545898438e-07
6.0973574409e+00 2.8232616835e-06 2.3232616835e-06 3.0752148085e-06 3.9050487929e-06 3.6687206679e-06
6.3254520167e+00 0.0000000000e+00 0.0000000000e+00 2.5195312500e-07 1.0817871094e-06 8.4545898438e-07
6.5535465925e+00 0.0000000000e+00 0.0000000000e+00 2.5195312500e-07 1.0817871094e-06 8.4545898438e-07
6.7816411683e+00 0.0000000000e+00 0.0000000000e+00 2.5195312500e-07 1.0817871094e-06 8.4545898438e-07
7.0097357441e+00 0.0000000000e+00 0.0000000000e+00 2.5195312500e-07 1.0817871094e-06 8.4545898438e-07
7.2378303199e+00 1.2115772204e-07 0.0000000000e+00 3.7311084704e-07 1.2029448314e-06 9.6661670642e-07
7.4659248957e+00 0.0000000000e+00 0.0000000000e+00 2.5195312500e-07 1.0817871094e-06 8.4545898438e-07
7.6940194715e+00 0.0000000000e+00 0.0000000000e+00 2.5195312500e-07 1.0817871094e-06 8.4545898438e-07
7.9221140473e+00 0.0000000000e+00 0.0000000000e+00 2.5195312500e-07 1.0817871094e-06 8.4545898438e-07
8.1502086231e+00 0.0000000000e+00 0.0000000000e+00 2.5195312500e-07 1.0817871094e-06 8.4545898438e-07
8.3783031989e+00 0.0000000000e+00 0.0000000000e+00 2.5195312500e-07 1.0817871094e-06 8.4545898438e-07
8.6063977747e+00 0.0000000000e+00 0.0000000000e+00 2.5195312500e-07 1.0817871094e-06 8.4545898438e-07
8.8344923505e+00 0.0000000000e+00 0.0000000000e+00 2.5195312500e-07 1.0817871094e-06 8.4545898438e-07
9.0625869263e+00 0.0000000000e+00 0.0000000000e+00 2.5195312500e-07 1.0817871094e-06 8.4545898438e-07
9.2906815021e+00 5.9500002303e-07 9.5000023030e-08 8.4695314803e-07 1.6767871324e-06 1.4404590074e-06
9.5187760779e+00 0.0000000000e+00 0.0000000000e+00 2.5195312500e-07 1.0817871094e-06 8.4545898438e-07
9.7468706537e+00 0.0000000000e+00 0.0000000000e+00 2.5195312500e-07 1.0817871094e-06 8.4545898438e-07
9.9749652295e+00 0.0000000000e+00 0.0000000000e+00 2.5195312500e-07 1.0817871094e-06 8.4545898438e-07
1.0203059805e+01 0.0000000000e+00 0.0000000000e+00 2.5195312500e-07 1.0817871094e-06 8.4545898438e-07
1.0431154381e+01 1.0936360967e-06 5.9363609670e-07 1.3455892217e-06 2.1754232061e-06 1.9390950811e-06
1.0659248957e+01 0.0000000000e+00 0.0000000000e+00 2.5195312500e-07 1.0817871094e-06 8.4545898438e-07
1.0887343533e+01 0.0000000000e+00 0.0000000000e+00 2.5195312500e-07 1.0817871094e-06 8.4545898438e-07
1.1115438108e+01 0.0000000000e+00 0.0000000000e+00 2.5195312500e-07 1.0817871094e-06 8.4545898438e-07
1.1343532684e+01 0.0000000000e+00 0.0000000000e+00 2.5195312500e-07 1.0817871094e-06 8.4545898438e-07
1.1571627260e+01 5.0737915093e-07 7.3791509300e-09 7.5933227593e-07 1.5891662603e-06 1.3528381353e-06
1.1799721836e+01 0.0000000000e+00 0.0000000000e+00 2.5195312500e-07 1.0817871094e-06 8.4545898438e-07
1.2027816412e+01 0.0000000000e+00 0.0000000000e+00 2.5195312500e-07 1.0817871094e-06 8.4545898438e-07
1.2255910987e+01 0.0000000000e+00 0.0000000000e+00 2.5195312500e-07 1.0817871094e-06 8.4545898438e-07
1.2484005563e+01 0.0000000000e+00 0.0000000000e+00 2.5195312500e-07 1.0817871094e-06 8.4545898438e-07
1.2712100139e+01 0.0000000000e+00 0.0000000000e+00 2.5195312500e-07 1.0817871094e-06 8.4545898438e-07
1.2940194715e+01 2.3126849339e-07 0.0000000000e+00 4.8322161839e-07 1.3130556028e-06 1.0767274778e-06
1.3168289291e+01 0.0000000000e+00 0.0000000000e+00 2.5195312500e-07 1.0817871094e-06 8.4545898438e-07
1.3396383866e+01 0.0000000000e+00 0.0000000000e+00 2.5195312500e-07 1.0817871094e-06 8.4545898438e-07
1.3624478442e+01 0.0000000000e+00 0.0000000000e+00 2.5195312500e-07 1.0817871094e-06 8.4545898438e-07
1.3852573018e+01 0.0000000000e+00 0.0000000000e+00 2.5195312500e-07 1.0817871094e-06 8.4545898438e-07
1.4080667594e+01 3.1705321089e-06 2.6705321089e-06 3.4224852339e-06 4.2523192183e-06 4.0159910933e-06
1.4308762170e+01 0.0000000000e+00 0.0000000000e+00 2.5195312500e-07 1.0817871094e-06 8.4545898438e-07
1.4536856745e+01 0.0000000000e+00 0.0000000000e+00 2.5195312500e-07 1.0817871094e-06 8.4545898438e-07
1.4764951321e+01 0.0000000000e+00 0.0000000000e+00 2.5195312500e-07 1.0817871094e-06 8.4545898438e-07
1.4993045897e+01 0.0000000000e+00 0.0000000000e+00 2.5195312500e-07 1.0817871094e-06 8.4545898438e-07
1.5221140473e+01 4.2806587942e-07 0.0000000000e+00 6.8001900442e-07 1.5098529888e-06 1.2735248638e-06
1.5449235049e+01 0.0000000000e+00 0.0000000000e+00 2.5195312500e-07 1.0817871094e-06 8.4545898438e-07
1.5677329624e+01 0.0000000000e+00 0.0000000000e+00 2.5195312500e-07 1.0817871094e-06 8.4545898438e-07
1.5905424200e+01 0.0000000000e+00 0.0000000000e+00 2.5195312500e-07 1.0817871094e-06 8.4545898438e-07
1.6133518776e+01 0.0000000000e+00 0.0000000000e+00 2.5195312500e-07 1.0817871094e-06 8.4545898438e-07
1.6361613352e+01 0.0000000000e+00 0.0000000000e+00 2.5195312500e-07 1.0817871094e-06 8.4545898438e-07
1.6589707928e+01 3.1178554199e-06 2.6178554199e-06 3.3698085449e-06 4.1996425293e-06 3.9633144043e-06
1.6817802503e+01 0.0000000000e+00 0.0000000000e+00 2.5195312500e-07 1.0817871094e-06 8.4545898438e-07
1.7045897079e+01 0.0000000000e+00 0.0000000000e+00 2.5195312500e-07 1.0817871094e-06 8.4545898438e-07
1.7273991655e+01 0.0000000000e+00 0.0000000000e+00 2.5195312500e-07 1.0817871094e-06 8.4545898438e-07
1.7502086231e+01 0.0000000000e+00 0.0000000000e+00 2.5195312500e-07 1.0817871094e-06 8.4545898438e-07
1.7730180807e+01 0.0000000000e+00 0.0000000000e+00 2.5195312500e-07 1.0817871094e-06 8.4545898438e-07
1.7958275382e+01 1.9711608562e-06 1.4711608562e-06 2.2231139812e-06 3.0529479656e-06 2.8166198406e-06
1.8186369958e+01 0.0000000000e+00 0.0000000000e+00 2.5195312500e-07 1.0817871094e-06 8.4545898438e-07
1.8414464534e+01 0.0000000000e+00 0.0000000000e+00 2.5195312500e-07 1.0817871094e-06 8.4545898438e-07
1.8642559110e+01 0.0000000000e+00 0.0000000000e+00 2.5195312500e-07 1.0817871094e-06 8.4545898438e-07
1.8870653686e+01 0.0000000000e+00 0.0000000000e+00 2.5195312500e-07 1.0817871094e-06 8.4545898438e-07
1.9098748261e+01 1.7856233702e-07 0.0000000000e+00 4.3051546202e-07 1.2603494464e-06 1.0240213214e-06
1.9326842837e+01 0.0000000000e+00 0.0000000000e+00 2.5195312500e-07 1.0817871094e-06 8.4545898438e-07
1.9554937413e+01 0.0000000000e+00 0.0000000000e+00 2.5195312500e-07 1.0817871094e-06 8.4545898438e-07
1.9783031989e+01 0.0000000000e+00 0.0000000000e+00 2.5195312500e-07 1.0817871094e-06 8.4545898438e-07
2.0011126565e+01 0.0000000000e+00 0.0000000000e+00 2.5195312500e-07 1.0817871094e-06 8.4545898438e-07
2.0239221140e+01 0.0000000000e+00 0.0000000000e+00 2.5195312500e-07 1.0817871094e-06 8.4545898438e-07
2.0467315716e+01 2.5943101107e-06 2.0943101107e-06 2.8462632357e-06 3.6760972201e-06 3.4397690951e-06
2.0695410292e+01 0.0000000000e+00 0.0000000000e+00 2.5195312500e-07 1.0817871094e-06 8.4545898438e-07
2.0923504868e+01 0.0000000000e+00 0.0000000000e+00 2.5195312500e-07 1.0817871094e-06 8.4545898438e-07
2.1151599444e+01 0.0000000000e+00 0.0000000000e+00 2.5195312500e-07 1.0817871094e-06 8.4545898438e-07
2.1379694019e+01 0.0000000000e+00 0.0000000000e+00 2.5195312500e-07 1.0817871094e-06 8.4545898438e-07
2.1607788595e+01 0.0000000000e+00 0.0000000000e+00 2.5195312500e-07 1.0817871094e-06 8.4545898438e-07
2.1835883171e+01 0.0000000000e+00 0.0000000000e+00 2.5195312500e-07 1.0817871094e-06 8.4545898438e-07
2.2063977747e+01 0.0000000000e+00 0.0000000000e+00 2.5195312500e-07 1.0817871094e-06 8.4545898438e-07
2.2292072323e+01 0.0000000000e+00 0.0000000000e+00 2.5195312500e-07 1.0817871094e-06 8.4545898438e-07
2.2520166898e+01 0.0000000000e+00 0.0000000000e+00 2.5195312500e-07 1.0817871094e-06 8.4545898438e-07
2.2748261474e+01 0.0000000000e+00 0.0000000000e+00 2.5195312500e-07 1.0817871094e-06 8.4545898438e-07
2.2976356050e+01 0.0000000000e+00 0.0000000000e+00 2.5195312500e-07 1.0817871094e-06 8.4545898438e-07
2.3204450626e+01 0.0000000000e+00 0.0000000000e+00 2.5195312500e-07 1.0817871094e-06 8.4545898438e-07
2.3432545202e+01 0.0000000000e+00 0.0000000000e+00 2.5195312500e-07 1.0817871094e-06 8.4545898438e-07
2.3660639777e+01 0.0000000000e+00 0.0000000000e+00 2.5195312500e-07 1.0817871094e-06 8.4545898438e-07
2.3888734353e+01 0.0000000000e+00 0.0000000000e+00 2.5195312500e-07 1.0817871094e-06 8.4545898438e-07
2.4116828929e+01 0.0000000000e+00 0.0000000000e+00 2.5195312500e-07 1.0817871094e-06 8.4545898438e-07
2.4344923505e+01 0.0000000000e+00 0.0000000000e+00 2.5195312500e-07 1.0817871094e-06 8.4545898438e-07
2.4573018081e+01 0.0000000000e+00 0.0000000000e+00 2.5195312500e-07 1.0817871094e-06 8.4545898438e-07
2.4801112656e+01 0.0000000000e+00 0.0000000000e+00 2.5195312500e-07 1.0817871094e-06 8.4545898438e-07
2.5029207232e+01 0.0000000000e+00 0.0000000000e+00 2.5195312500e-07 1.0817871094e-06 8.4545898438e-07
2.5257301808e+01 0.0000000000e+00 0.0000000000e+00 2.5195312500e-07 1.0817871094e-06 8.4545898438e-07
2.5485396384e+01 0.0000000000e+00 0.0000000000e+00 2.5195312500e-07 1.0817871094e-06 8.4545898438e-07
2.5713490960e+01 0.0000000000e+00 0.0000000000e+00 2.5195312500e-07 1.0817871094e-06 8.4545898438e-07
2.5941585535e+01 0.0000000000e+00 0.0000000000e+00 2.5195312500e-07 1.0817871094e-06 8.4545898438e-07
2.6169680111e+01 0.0000000000e+00 0.0000000000e+00 2.5195312500e-07 1.0817871094e-06 8.4545898438e-07
2.6397774687e+01 0.0000000000e+00 0.0000000000e+00 2.5195312500e-07 1.0817871094e-06 8.4545898438e-07
2.6625869263e+01 0.0000000000e+00 0.0000000000e+00 2.5195312500e-07 1.0817871094e-06 8.4545898438e-07
2.6853963839e+01 0.0000000000e+00 0.0000000000e+00 2.5195312500e-07 1.0817871094e-06 8.4545898438e-07
2.7082058414e+01 0.0000000000e+00 0.0000000000e+00 2.5195312500e-07 1.0817871094e-06 8.4545898438e-07
2.7310152990e+01 0.0000000000e+00 0.0000000000e+00 2.5195312500e-07 1.0817871094e-06 8.4545898438e-07
2.7538247566e+01 0.0000000000e+00 0.0000000000e+00 2.5195312500e-07 1.0817871094e-06 8.4545898438e-07
2.7766342142e+01 0.0000000000e+00 0.0000000000e+00 2.5195312500e-07 1.0817871094e-06 8.4545898438e-07
2.7994436718e+01 0.0000000000e+00 0.0000000000e+00 2.5195312500e-07 1.0817871094e-06 8.4545898438e-07
2.8222531293e+01 0.0000000000e+00 0.0000000000e+00 2.5195312500e-07 1.0817871094e-06 8.4545898438e-07
2.8450625869e+01 0.0000000000e+00 0.0000000000e+00 2.5195312500e-07 1.0817871094e-06 8.4545898438e-07
2.8678720445e+01 0.0000000000e+00 0.0000000000e+00 2.5195312500e-07 1.0817871094e-06 8.4545898438e-07
2.8906815021e+01 0.0000000000e+00 0.0000000000e+00 2.5195312500e-07 1.0817871094e-06 8.4545898438e-07
2.9134909597e+01 0.0000000000e+00 0.0000000000e+00 2.5195312500e-07 1.0817871094e-06 8.4545898438e-07
2.9363004172e+01 0.0000000000e+00 0.0000000000e+00 2.5195312500e-07 1.0817871094e-06 8.4545898438e-07
2.9591098748e+01 0.0000000000e+00 0.0000000000e+00 2.5195312500e-07 1.0817871094e-06 8.4545898438e-07
2.9819193324e+01 0.0000000000e+00 0.0000000000e+00 2.5195312500e-07 1.0817871094e-06 8.4545898438e-07
3.0047287900e+01 0.0000000000e+00 0.0000000000e+00 2.5195312500e-07 1.0817871094e-06 8.4545898438e-07
3.0275382476e+01 0.0000000000e+00 0.0000000000e+00 2.5195312500e-07 1.0817871094e-06 8.4545898438e-07
3.0503477051e+01 0.0000000000e+00 0.0000000000e+00 2.5195312500e-07 1.0817871094e-06 8.4545898438e-07
3.0731571627e+01 0.0000000000e+00 0.0000000000e+00 2.5195312500e-07 1.0817871094e-06 8.4545898438e-07
3.0959666203e+01 0.0000000000e+00 0.0000000000e+00 2.5195312500e-07 1.0817871094e-06 8.4545898438e-07
3.1187760779e+01 0.0000000000e+00 0.0000000000e+00 2.5195312500e-07 1.0817871094e-06 8.4545898438e-07
3.1415855355e+01 0.0000000000e+00 0.0000000000e+00 2.5195312500e-07 1.0817871094e-06 8.4545898438e-07
3.1643949930e+01 0.0000000000e+00 0.0000000000e+00 2.5195312500e-07 1.0817871094e-06 8.4545898438e-07
3.1872044506e+01 0.0000000000e+00 0.0000000000e+00 2.5195312500e-07 1.0817871094e-06 8.4545898438e-07
3.2100139082e+01 0.0000000000e+00 0.0000000000e+00 2.5195312500e-07 1.0817871094e-06 8.4545898438e-07
3.2328233658e+01 0.0000000000e+00 0.0000000000e+00 2.5195312500e-07 1.0817871094e-06 8.4545898438e-07
3.2556328234e+01 0.0000000000e+00 0.0000000000e+00 2.5195312500e-07 1.0817871094e-06 8.4545898438e-07
3.2784422809e+01 0.0000000000e+00 0.0000000000e+00 2.5195312500e-07 1.0817871094e-06 8.4545898438e-07
3.3012517385e+01 0.0000000000e+00 0.0000000000e+00 2.5195312500e-07 1.0817871094e-06 8.4545898438e-07
3.3240611961e+01 0.0000000000e+00 0.0000000000e+00 2.5195312500e-07 1.0817871094e-06 8.4545898438e-07
3.3468706537e+01 0.0000000000e+00 0.0000000000e+00 2.5195312500e-07 1.0817871094e-06 8.4545898438e-07
3.3696801113e+01 0.0000000000e+00 0.0000000000e+00 2.5195312500e-07 1.0817871094e-06 8.4545898438e-07
3.3924895688e+01 0.0000000000e+00 0.0000000000e+00 2.5195312500e-07 1.0817871094e-06 8.4545898438e-07
3.4152990264e+01 0.0000000000e+00 0.0000000000e+00 2.5195312500e-07 1.0817871094e-06 8.4545898438e-07
3.4381084840e+01 0.0000000000e+00 0.0000000000e+00 2.5195312500e-07 1.0817871094e-06 8.4545898438e-07
3.4609179416e+01 0.0000000000e+00 0.0000000000e+00 2.5195312500e-07 1.0817871094e-06 8.4545898438e-07
3.4837273992e+01 0.0000000000e+00 0.0000000000e+00 2.5195312500e-07 1.0817871094e-06 8.4545898438e-07
3.5065368567e+01 0.0000000000e+00 0.0000000000e+00 2.5195312500e-07 1.0817871094e-06 8.4545898438e-07
3.5293463143e+01 0.0000000000e+00 0.0000000000e+00 2.5195312500e-07 1.0817871094e-06 8.4545898438e-07
3.5521557719e+01 0.0000000000e+00 0.0000000000e+00 2.5195312500e-07 1.0817871094e-06 8.4545898438e-07
3.5749652295e+01 0.0000000000e+00 0.0000000000e+00 2.5195312500e-07 1.0817871094e-06 8.4545898438e-07
3.5977746871e+01 0.0000000000e+00 0.0000000000e+00 2.5195312500e-07 1.0817871094e-06 8.4545898438e-07
3.6205841446e+01 0.0000000000e+00 0.0000000000e+00 2.5195312500e-07 1.0817871094e-06 8.4545898438e-07
3.6433936022e+01 0.0000000000e+00 0.0000000000e+00 2.5195312500e-07 1.0817871094e-06 8.4545898438e-07
3.6662030598e+01 0.0000000000e+00 0.0000000000e+00 2.5195312500e-07 1.0817871094e-06 8.4545898438e-07
3.6890125174e+01 0.0000000000e+00 0.0000000000e+00 2.5195312500e-07 1.0817871094e-06 8.4545898438e-07
3.7118219750e+01 0.0000000000e+00 0.0000000000e+00 2.5195312500e-07 1.0817871094e-06 8.4545898438e-07
3.7346314325e+01 0.0000000000e+00 0.0000000000e+00 2.5195312500e-07 1.0817871094e-06 8.4545898438e-07
3.7574408901e+01 0.0000000000e+00 0.0000000000e+00 2.5195312500e-07 1.0817871094e-06 8.4545898438e-07
3.7802503477e+01 0.0000000000e+00 0.0000000000e+00 2.5195312500e-07 1.0817871094e-06 8.4545898438e-07
3.8030598053e+01 0.0000000000e+00 0.0000000000e+00 2.5195312500e-07 1.0817871094e-06 8.4545898438e-07
3.8258692629e+01 0.0000000000e+00 0.0000000000e+00 2.5195312500e-07 1.0817871094e-06 8.4545898438e-07
3.8486787204e+01 0.0000000000e+00 0.0000000000e+00 2.5195312500e-07 1.0817871094e-06 8.4545898438e-07
3.8714881780e+01 0.0000000000e+00 0.0000000000e+00 2.5195312500e-07 1.0817871094e-06 8.4545898438e-07
3.8942976356e+01 0.0000000000e+00 0.0000000000e+00 2.5195312500e-07 1.0817871094e-06 8.4545898438e-07
3.9171070932e+01 0.0000000000e+00 0.0000000000e+00 2.5195312500e-07 1.0817871094e-06 8.4545898438e-07
3.9399165508e+01 0.0000000000e+00 0.0000000000e+00 2.5195312500e-07 1.0817871094e-06 8.4545898438e-07
3.9627260083e+01 0.0000000000e+00 0.0000000000e+00 2.5195312500e-07 1.0817871094e-06 8.4545898438e-07
3.9855354659e+01 0.0000000000e+00 0.0000000000e+00 2.5195312500e-07 1.0817871094e-06 8.4545898438e-07
4.0083449235e+01 0.0000000000e+00 0.0000000000e+00 2.5195312500e-07 1.0817871094e-06 8.4545898438e-07
4.0311543811e+01 0.0000000000e+00 0.0000000000e+00 2.5195312500e-07 1.0817871094e-06 8.4545898438e-07
4.0539638387e+01 0.0000000000e+00 0.0000000000e+00 2.5195312500e-07 1.0817871094e-06 8.4545898438e-07
4.0767732962e+01 0.0000000000e+00 0.0000000000e+00 2.5195312500e-07 1.0817871094e-06 8.4545898438e-07
4.0995827538e+01 0.0000000000e+00 0.0000000000e+00 2.5195312500e-07 1.0817871094e-06 8.4545898438e-07
4.1223922114e+01 0.0000000000e+00 0.0000000000e+00 2.5195312500e-07 1.0817871094e-06 8.4545898438e-07
4.1452016690e+01 0.0000000000e+00 0.0000000000e+00 2.5195312500e-07 1.0817871094e-06 8.4545898438e-07
4.1680111266e+01 0.0000000000e+00 0.0000000000e+00 2.5195312500e-07 1.0817871094e-06 8.4545898438e-07
4.1908205841e+01 0.0000000000e+00 0.0000000000e+00 2.5195312500e-07 1.0817871094e-06 8.4545898438e-07
4.2136300417e+01 0.0000000000e+00 0.0000000000e+00 2.5195312500e-07 1.0817871094e-06 8.4545898438e-07
4.2364394993e+01 0.0000000000e+00 0.0000000000e+00 2.5195312500e-07 1.0817871094e-06 8.4545898438e-07
4.2592489569e+01 0.0000000000e+00 0.0000000000e+00 2.5195312500e-07 1.0817871094e-06 8.4545898438e-07
4.2820584145e+01 0.0000000000e+00 0.0000000000e+00 2.5195312500e-07 1.0817871094e-06 8.4545898438e-07
4.3048678720e+01 0.0000000000e+00 0.0000000000e+00 2.5195312500e-07 1.0817871094e-06 8.4545898438e-07
4.3276773296e+01 0.0000000000e+00 0.0000000000e+00 2.5195312500e-07 1.0817871094e-06 8.4545898438e-07
4.3504867872e+01 0.0000000000e+00 0.0000000000e+00 2.5195312500e-07 1.0817871094e-06 8.4545898438e-07
4.3732962448e+01 0.0000000000e+00 0.0000000000e+00 2.5195312500e-07 1.0817871094e-06 8.4545898438e-07
4.3961057024e+01 0.0000000000e+00 0.0000000000e+00 2.5195312500e-07 1.0817871094e-06 8.4545898438e-07
4.4189151599e+01 0.0000000000e+00 0.0000000000e+00 2.5195312500e-07 1.0817871094e-06 8.4545898438e-07
4.4417246175e+01 0.0000000000e+00 0.0000000000e+00 2.5195312500e-07 1.0817871094e-06 8.4545898438e-07
4.4645340751e+01 0.0000000000e+00 0.0000000000e+00 2.5195312500e-07 1.0817871094e-06 8.4545898438e-07
4.4873435327e+01 0.0000000000e+00 0.0000000000e+00 2.5195312500e-07 1.0817871094e-06 8.4545898438e-07
4.5101529903e+01 0.0000000000e+00 0.0000000000e+00 2.5195312500e-07 1.0817871094e-06 8.4545898438e-07
4.5329624478e+01 0.0000000000e+00 0.0000000000e+00 2.5195312500e-07 1.0817871094e-06 8.4545898438e-07
4.5557719054e+01 0.0000000000e+00 0.0000000000e+00 2.5195312500e-07 1.0817871094e-06 8.4545898438e-07
4.5785813630e+01 0.0000000000e+00 0.0000000000e+00 2.5195312500e-07 1.0817871094e-06 8.4545898438e-07
4.6013908206e+01 8.4529612042e-07 3.4529612042e-07 1.0972492454e-06 1.9270832298e-06 1.6907551048e-06
4.6242002782e+01 0.0000000000e+00 0.0000000000e+00 2.5195312500e-07 1.0817871094e-06 8.4545898438e-07
4.6470097357e+01 0.0000000000e+00 0.0000000000e+00 2.5195312500e-07 1.0817871094e-06 8.4545898438e-07
4.6698191933e+01 0.0000000000e+00 0.0000000000e+00 2.5195312500e-07 1.0817871094e-06 8.4545898438e-07
4.6926286509e+01 0.0000000000e+00 0.0000000000e+00 2.5195312500e-07 1.0817871094e-06 8.4545898438e-07
4.7154381085e+01 3.7149310381e-07 0.0000000000e+00 6.2344622881e-07 1.4532802132e-06 1.2169520882e-06
4.7382475661e+01 0.0000000000e+00 0.0000000000e+00 2.5195312500e-07 1.0817871094e-06 8.4545898438e-07
4.7610570236e+01 1.4251703096e-06 9.2517030960e-07 1.6771234346e-06 2.5069574190e-06 2.2706292940e-06
4.7838664812e+01 0.0000000000e+00 0.0000000000e+00 2.5195312500e-07 1.0817871094e-06 8.4545898438e-07
4.8066759388e+01 1.4400151255e-06 9.4001512550e-07 1.6919682505e-06 2.5218022349e-06 2.2854741099e-06
4.8294853964e+01 0.0000000000e+00 0.0000000000e+00 2.5195312500e-07 1.0817871094e-06 8.4545898438e-07
4.8522948540e+01 0.0000000000e+00 0.0000000000e+00 2.5195312500e-07 1.0817871094e-06 8.4545898438e-07
4.8751043115e+01 0.0000000000e+00 0.0000000000e+00 2.5195312500e-07 1.0817871094e-06 8.4545898438e-07
4.8979137691e+01 0.0000000000e+00 0.0000000000e+00 2.5195312500e-07 1.0817871094e-06 8.4545898438e-07
4.9207232267e+01 0.0000000000e+00 0.0000000000e+00 2.5195312500e-07 1.0817871094e-06 8.4545898438e-07
4.9435326843e+01 0.0000000000e+00 0.0000000000e+00 2.5195312500e-07 1.0817871094e-06 8.4545898438e-07
4.9663421419e+01 1.5135241371e-06 1.0135241371e-06 1.7654772621e-06 2.5953112465e-06 2.3589831215e-06
4.9891515994e+01 0.0000000000e+00 0.0000000000e+00 2.5195312500e-07 1.0817871094e-06 8.4545898438e-07
5.0119610570e+01 3.8837471900e-07 0.0000000000e+00 6.4032784400e-07 1.4701618284e-06 1.2338337034e-06
5.0347705146e+01 0.0000000000e+00 0.0000000000e+00 2.5195312500e-07 1.0817871094e-06 8.4545898438e-07
5.0575799722e+01 0.0000000000e+00 0.0000000000e+00 2.5195312500e-07 1.0817871094e-06 8.4545898438e-07
5.0803894298e+01 8.7451385346e-07 3.7451385346e-07 1.1264669785e-06 1.9563009628e-06 1.7199728378e-06
5.1031988873e+01 0.0000000000e+00 0.0000000000e+00 2.5195312500e-07 1.0817871094e-06 8.4545898438e-07
5.1260083449e+01 2.5339914199e-07 0.0000000000e+00 5.0535226699e-07 1.3351862514e-06 1.0988581264e-06
5.1488178025e+01 0.0000000000e+00 0.0000000000e+00 2.5195312500e-07 1.0817871094e-06 8.4545898438e-07
5.1716272601e+01 0.0000000000e+00 0.0000000000e+00 2.5195312500e-07 1.0817871094e-06 8.4545898438e-07
5.1944367177e+01 1.6842846805e-06 1.1842846805e-06 1.9362378055e-06 2.7660717899e-06 2.5297436649e-06
5.2172461752e+01 0.0000000000e+00 0.0000000000e+00 2.5195312500e-07 1.0817871094e-06 8.4545898438e-07
5.2400556328e+01 0.0000000000e+00 0.0000000000e+00 2.5195312500e-07 1.0817871094e-06 8.4545898438e-07
5.2628650904e+01 1.7531365469e-06 1.2531365469e-06 2.0050896719e-06 2.8349236563e-06 2.5985955313e-06
5.2856745480e+01 0.0000000000e+00 0.0000000000e+00 2.5195312500e-07 1.0817871094e-06 8.4545898438e-07
5.3084840056e+01 0.0000000000e+00 0.0000000000e+00 2.5195312500e-07 1.0817871094e-06 8.4545898438e-07
5.3312934631e+01 1.4408472105e-06 9.4084721050e-07 1.6928003355e-06 2.5226343199e-06 2.2863061949e-06
5.3541029207e+01 0.0000000000e+00 0.0000000000e+00 2.5195312500e-07 1.0817871094e-06 8.4545898438e-07
5.3769123783e+01 0.0000000000e+00 0.0000000000e+00 2.5195312500e-07 1.0817871094e-06 8.4545898438e-07
5.3997218359e+01 0.0000000000e+00 0.0000000000e+00 2.5195312500e-07 1.0817871094e-06 8.4545898438e-07
5.4225312935e+01 1.9515969664e-06 1.4515969664e-06 2.2035500914e-06 3.0333840758e-06 2.7970559508e-06
5.4453407510e+01 0.0000000000e+00 0.0000000000e+00 2.5195312500e-07 1.0817871094e-06 8.4545898438e-07
5.4681502086e+01 0.0000000000e+00 0.0000000000e+00 2.5195312500e-07 1.0817871094e-06 8.4545898438e-07
5.4909596662e+01 0.0000000000e+00 0.0000000000e+00 2.5195312500e-07 1.0817871094e-06 8.4545898438e-07
5.5137691238e+01 1.4958017033e-06 9.9580170330e-07 1.7477548283e-06 2.5775888127e-06 2.3412606877e-06
5.5365785814e+01 0.0000000000e+00 0.0000000000e+00 2.5195312500e-07 1.0817871094e-06 8.4545898438e-07
5.5593880389e+01 0.0000000000e+00 0.0000000000e+00 2.5195312500e-07 1.0817871094e-06 8.4545898438e-07
5.5821974965e+01 0.0000000000e+00 0.0000000000e+00 2.5195312500e-07 1.0817871094e-06 8.4545898438e-07
5.6050069541e+01 0.0000000000e+00 0.0000000000e+00 2.5195312500e-07 1.0817871094e-06 8.4545898438e-07
5.6278164117e+01 0.0000000000e+00 0.0000000000e+00 2.5195312500e-07 1.0817871094e-06 8.4545898438e-07
5.6506258693e+01 2.3451249072e-06 1.8451249072e-06 2.5970780322e-06 3.4269120166e-06 3.1905838916e-06
5.6734353268e+01 0.0000000000e+00 0.0000000000e+00 2.5195312500e-07 1.0817871094e-06 8.4545898438e-07
5.6962447844e+01 0.0000000000e+00 0.0000000000e+00 2.5195312500e-07 1.0817871094e-06 8.4545898438e-07
5.7190542420e+01 0.0000000000e+00 0.0000000000e+00 2.5195312500e-07 1.0817871094e-06 8.4545898438e-07
5.7418636996e+01 0.0000000000e+00 0.0000000000e+00 2.5195312500e-07 1.0817871094e-06 8.4545898438e-07
5.7646731572e+01 0.0000000000e+00 0.0000000000e+00 2.5195312500e-07 1.0817871094e-06 8.4545898438e-07
5.7874826147e+01 0.0000000000e+00 0.0000000000e+00 2.5195312500e-07 1.0817871094e-06 8.4545898438e-07
5.8102920723e+01 0.0000000000e+00 0.0000000000e+00 2.5195312500e-07 1.0817871094e-06 8.4545898438e-07
5.8331015299e+01 0.0000000000e+00 0.0000000000e+00 2.5195312500e-07 1.0817871094e-06 8.4545898438e-07
5.8559109875e+01 0.0000000000e+00 0.0000000000e+00 2.5195312500e-07 1.0817871094e-06 8.4545898438e-07
5.8787204451e+01 0.0000000000e+00 0.0000000000e+00 2.5195312500e-07 1.0817871094e-06 8.4545898438e-07
5.9015299026e+01 4.7046831100e-07 0.0000000000e+00 7.2242143600e-07 1.5522554204e-06 1.3159272954e-06
5.9243393602e+01 1.8584246151e-06 1.3584246151e-06 2.1103777401e-06 2.9402117245e-06 2.7038835995e-06
5.9471488178e+01 2.8472802284e-06 2.3472802284e-06 3.0992333534e-06 3.9290673378e-06 3.6927392128e-06
5.9699582754e+01 3.1431142941e-06 2.6431142941e-06 3.3950674191e-06 4.2249014035e-06 3.9885732785e-06
5.9927677330e+01 3.2083607775e-06 2.7083607775e-06 3.4603139025e-06 4.2901478869e-06 4.0538197619e-06
6.0155771905e+01 3.2197968803e-06 2.7197968803e-06 3.4717500053e-06 4.3015839897e-06 4.0652558647e-06
6.0383866481e+01 3.3158307728e-06 2.8158307728e-06 3.5677838978e-06 4.3976178822e-06 4.1612897572e-06
6.0611961057e+01 3.4043018379e-06 2.9043018379e-06 3.6562549629e-06 4.4860889473e-06 4.2497608223e-06
6.0840055633e+01 3.3044362240e-06 2.8044362240e-06 3.5563893490e-06 4.3862233334e-06 4.1498952084e-06
6.1068150209e+01 2.5442170229e-06 2.0442170229e-06 2.7961701479e-06 3.6260041323e-06 3.3896760073e-06
6.1296244784e+01 1.2629834705e-06 7.6298347050e-07 1.5149365955e-06 2.3447705799e-06 2.1084424549e-06
6.1524339360e+01 3.7931729974e-08 0.0000000000e+00 2.8988485497e-07 1.1197188393e-06 8.8339071435e-07
6.1752433936e+01 0.0000000000e+00 0.0000000000e+00 2.5195312500e-07 1.0817871094e-06 8.4545898438e-07
6.1980528512e+01 0.0000000000e+00 0.0000000000e+00 2.5195312500e-07 1.0817871094e-06 8.4545898438e-07
6.2208623088e+01 0.0000000000e+00 0.0000000000e+00 2.5195312500e-07 1.0817871094e-06 8.4545898438e-07
6.2436717663e+01 0.0000000000e+00 0.0000000000e+00 2.5195312500e-07 1.0817871094e-06 8.4545898438e-07
6.2664812239e+01 0.0000000000e+00 0.0000000000e+00 2.5195312500e-07 1.0817871094e-06 8.4545898438e-07
6.2892906815e+01 0.0000000000e+00 0.0000000000e+00 2.5195312500e-07 1.0817871094e-06 8.4545898438e-07
6.3121001391e+01 0.0000000000e+00 0.0000000000e+00 2.5195312500e-07 1.0817871094e-06 8.4545898438e-07
6.3349095967e+01 0.0000000000e+00 0.0000000000e+00 2.5195312500e-07 1.0817871094e-06 8.4545898438e-07
6.3577190542e+01 0.0000000000e+00 0.0000000000e+00 2.5195312500e-07 1.0817871094e-06 8.4545898438e-07
6.3805285118e+01 0.0000000000e+00 0.0000000000e+00 2.5195312500e-07 1.0817871094e-06 8.4545898438e-07
6.4033379694e+01 0.0000000000e+00 0.0000000000e+00 2.5195312500e-07 1.0817871094e-06 8.4545898438e-07
6.4261474270e+01 0.0000000000e+00 0.0000000000e+00 2.5195312500e-07 1.0817871094e-06 8.4545898438e-07
6.4489568846e+01 0.0000000000e+00 0.0000000000e+00 2.5195312500e-07 1.0817871094e-06 8.4545898438e-07
6.4717663421e+01 0.0000000000e+00 0.0000000000e+00 2.5195312500e-07 1.0817871094e-06 8.4545898438e-07
6.4945757997e+01 0.0000000000e+00 0.0000000000e+00 2.5195312500e-07 1.0817871094e-06 8.4545898438e-07
6.5173852573e+01 0.0000000000e+00 0.0000000000e+00 2.5195312500e-07 1.0817871094e-06 8.4545898438e-07
6.5401947149e+01 0.0000000000e+00 0.0000000000e+00 2.5195312500e-07 1.0817871094e-06 8.4545898438e-07
6.5630041725e+01 1.9900340065e-06 1.4900340065e-06 2.2419871315e-06 3.0718211159e-06 2.8354929909e-06
6.5858136300e+01 3.7189161058e-06 3.2189161058e-06 3.9708692308e-06 4.8007032152e-06 4.5643750902e-06
6.6086230876e+01 1.1271887785e-06 6.2718877850e-07 1.3791419035e-06 2.2089758879e-06 1.9726477629e-06
6.6314325452e+01 0.0000000000e+00 0.0000000000e+00 2.5195312500e-07 1.0817871094e-06 8.4545898438e-07
6.6542420028e+01 0.0000000000e+00 0.0000000000e+00 2.5195312500e-07 1.0817871094e-06 8.4545898438e-07
6.6770514604e+01 0.0000000000e+00 0.0000000000e+00 2.5195312500e-07 1.0817871094e-06 8.4545898438e-07
6.6998609179e+01 0.0000000000e+00 0.0000000000e+00 2.5195312500e-07 1.0817871094e-06 8.4545898438e-07
6.7226703755e+01 0.0000000000e+00 0.0000000000e+00 2.5195312500e-07 1.0817871094e-06 8.4545898438e-07
6.7454798331e+01 0.0000000000e+00 0.0000000000e+00 2.5195312500e-07 1.0817871094e-06 8.4545898438e-07
6.7682892907e+01 0.0000000000e+00 0.0000000000e+00 2.5195312500e-07 1.0817871094e-06 8.4545898438e-07
6.7910987483e+01 0.0000000000e+00 0.0000000000e+00 2.5195312500e-07 1.0817871094e-06 8.4545898438e-07
6.8139082058e+01 0.0000000000e+00 0.0000000000e+00 2.5195312500e-07 1.0817871094e-06 8.4545898438e-07
6.8367176634e+01 0.0000000000e+00 0.0000000000e+00 2.5195312500e-07 1.0817871094e-06 8.4545898438e-07
6.8595271210e+01 0.0000000000e+00 0.0000000000e+00 2.5195312500e-07 1.0817871094e-06 8.4545898438e-07
6.8823365786e+01 0.0000000000e+00 0.0000000000e+00 2.5195312500e-07 1.0817871094e-06 8.4545898438e-07
6.9051460362e+01 0.0000000000e+00 0.0000000000e+00 2.5195312500e-07 1.0817871094e-06 8.4545898438e-07
6.9279554937e+01 0.0000000000e+00 0.0000000000e+00 2.5195312500e-07 1.0817871094e-06 8.4545898438e-07
6.9507649513e+01 0.0000000000e+00 0.0000000000e+00 2.5195312500e-07 1.0817871094e-06 8.4545898438e-07
6.9735744089e+01 0.0000000000e+00 0.0000000000e+00 2.5195312500e-07 1.0817871094e-06 8.4545898438e-07
6.9963838665e+01 0.0000000000e+00 0.0000000000e+00 2.5195312500e-07 1.0817871094e-06 8.4545898438e-07
7.0191933241e+01 0.0000000000e+00 0.0000000000e+00 2.5195312500e-07 1.0817871094e-06 8.4545898438e-07
7.0420027816e+01 0.0000000000e+00 0.0000000000e+00 2.5195312500e-07 1.0817871094e-06 8.4545898438e-07
7.0648122392e+01 0.0000000000e+00 0.0000000000e+00 2.5195312500e-07 1.0817871094e-06 8.4545898438e-07
7.0876216968e+01 0.0000000000e+00 0.0000000000e+00 2.5195312500e-07 1.0817871094e-06 8.4545898438e-07
7.1104311544e+01 0.0000000000e+00 0.0000000000e+00 2.5195312500e-07 1.0817871094e-06 8.4545898438e-07
7.1332406120e+01 0.0000000000e+00 0.0000000000e+00 2.5195312500e-07 1.0817871094e-06 8.4545898438e-07
7.1560500695e+01 0.0000000000e+00 0.0000000000e+00 2.5195312500e-07 1.0817871094e-06 8.4545898438e-07
7.1788595271e+01 0.0000000000e+00 0.0000000000e+00 2.5195312500e-07 1.0817871094e-06 8.4545898438e-07
7.2016689847e+01 0.0000000000e+00 0.0000000000e+00 2.5195312500e-07 1.0817871094e-06 8.4545898438e-07
7.2244784423e+01 0.0000000000e+00 0.0000000000e+00 2.5195312500e-07 1.0817871094e-06 8.4545898438e-07
7.2472878999e+01 0.0000000000e+00 0.0000000000e+00 2.5195312500e-07 1.0817871094e-06 8.4545898438e-07
7.2700973574e+01 1.5132827397e-06 1.0132827397e-06 1.7652358647e-06 2.5950698491e-06 2.3587417241e-06
7.2929068150e+01 3.0023192326e-06 2.5023192326e-06 3.2542723576e-06 4.0841063420e-06 3.8477782170e-06
7.3157162726e+01 1.7291658849e-06 1.2291658849e-06 1.9811190099e-06 2.8109529943e-06 2.5746248693e-06
7.3385257302e+01 0.0000000000e+00 0.0000000000e+00 2.5195312500e-07 1.0817871094e-06 8.4545898438e-07
7.3613351878e+01 0.0000000000e+00 0.0000000000e+00 2.5195312500e-07 1.0817871094e-06 8.4545898438e-07
7.3841446453e+01 0.0000000000e+00 0.0000000000e+00 2.5195312500e-07 1.0817871094e-06 8.4545898438e-07
7.4069541029e+01 0.0000000000e+00 0.0000000000e+00 2.5195312500e-07 1.0817871094e-06 8.4545898438e-07
7.4297635605e+01 0.0000000000e+00 0.0000000000e+00 2.5195312500e-07 1.0817871094e-06 8.4545898438e-07
7.4525730181e+01 0.0000000000e+00 0.0000000000e+00 2.5195312500e-07 1.0817871094e-06 8.4545898438e-07
7.4753824757e+01 0.0000000000e+00 0.0000000000e+00 2.5195312500e-07 1.0817871094e-06 8.4545898438e-07
7.4981919332e+01 0.0000000000e+00 0.0000000000e+00 2.5195312500e-07 1.0817871094e-06 8.4545898438e-07
7.5210013908e+01 0.0000000000e+00 0.0000000000e+00 2.5195312500e-07 1.0817871094e-06 8.4545898438e-07
7.5438108484e+01 0.0000000000e+00 0.0000000000e+00 2.5195312500e-07 1.0817871094e-06 8.4545898438e-07
7.5666203060e+01 0.0000000000e+00 0.0000000000e+00 2.5195312500e-07 1.0817871094e-06 8.4545898438e-07
7.5894297636e+01 0.0000000000e+00 0.0000000000e+00 2.5195312500e-07 1.0817871094e-06 8.4545898438e-07
7.6122392211e+01 0.0000000000e+00 0.0000000000e+00 2.5195312500e-07 1.0817871094e-06 8.4545898438e-07
7.6350486787e+01 1.1882769627e-06 6.8827696270e-07 1.4402300877e-06 2.2700640721e-06 2.0337359471e-06
7.6578581363e+01 2.9366050933e-06 2.4366050933e-06 3.1885582183e-06 4.0183922027e-06 3.7820640777e-06
7.6806675939e+01 8.1033856630e-07 3.1033856630e-07 1.0622916913e-06 1.8921256757e-06 1.6557975507e-06
7.7034770515e+01 0.0000000000e+00 0.0000000000e+00 2.5195312500e-07 1.0817871094e-06 8.4545898438e-07
7.7262865090e+01 0.0000000000e+00 0.0000000000e+00 2.5195312500e-07 1.0817871094e-06 8.4545898438e-07
7.7490959666e+01 0.0000000000e+00 0.0000000000e+00 2.5195312500e-07 1.0817871094e-06 8.4545898438e-07
7.7719054242e+01 0.0000000000e+00 0.0000000000e+00 2.5195312500e-07 1.0817871094e-06 8.4545898438e-07
7.7947148818e+01 0.0000000000e+00 0.0000000000e+00 2.5195312500e-07 1.0817871094e-06 8.4545898438e-07
7.8175243394e+01 0.0000000000e+00 0.0000000000e+00 2.5195312500e-07 1.0817871094e-06 8.4545898438e-07
7.8403337969e+01 0.0000000000e+00 0.0000000000e+00 2.5195312500e-07 1.0817871094e-06 8.4545898438e-07
7.8631432545e+01 0.0000000000e+00 0.0000000000e+00 2.5195312500e-07 1.0817871094e-06 8.4545898438e-07
7.8859527121e+01 0.0000000000e+00 0.0000000000e+00 2.5195312500e-07 1.0817871094e-06 8.4545898438e-07
7.9087621697e+01 0.0000000000e+00 0.0000000000e+00 2.5195312500e-07 1.0817871094e-06 8.4545898438e-07
7.9315716273e+01 1.4854393618e-06 9.8543936180e-07 1.7373924868e-06 2.5672264712e-06 2.3308983462e-06
7.9543810848e+01 0.0000000000e+00 0.0000000000e+00 2.5195312500e-07 1.0817871094e-06 8.4545898438e-07
7.9771905424e+01 0.0000000000e+00 0.0000000000e+00 2.5195312500e-07 1.0817871094e-06 8.4545898438e-07
8.0000000000e+01 0.0000000000e+00 0.0000000000e+00 2.5195312500e-07 1.0817871094e-06 8.4545898438e-07