# theta_deg base_template rpm_300 rpm_500 rpm_700 rpm_900
-8.4000000000e+01 1.3953926770e-07 2.0686104504e-07 4.4654610364e-07 5.2509834973e-07 4.4520333020e-07
-8.3771905420e+01 0.0000000000e+00 6.7321777344e-08 3.0700683594e-07 3.8555908203e-07 3.0566406250e-07
-8.3543810850e+01 0.0000000000e+00 6.7321777344e-08 3.0700683594e-07 3.8555908203e-07 3.0566406250e-07
-8.3315716270e+01 0.0000000000e+00 6.7321777344e-08 3.0700683594e-07 3.8555908203e-07 3.0566406250e-07
-8.3087621700e+01 0.0000000000e+00 6.7321777344e-08 3.0700683594e-07 3.8555908203e-07 3.0566406250e-07
-8.2859527120e+01 0.0000000000e+00 6.7321777344e-08 3.0700683594e-07 3.8555908203e-07 3.0566406250e-07
-8.2631432540e+01 0.0000000000e+00 6.7321777344e-08 3.0700683594e-07 3.8555908203e-07 3.0566406250e-07
-8.2403337970e+01 0.0000000000e+00 6.7321777344e-08 3.0700683594e-07 3.8555908203e-07 3.0566406250e-07
-8.2175243390e+01 0.0000000000e+00 6.7321777344e-08 3.0700683594e-07 3.8555908203e-07 3.0566406250e-07
-8.1947148820e+01 0.0000000000e+00 6.7321777344e-08 3.0700683594e-07 3.8555908203e-07 3.0566406250e-07
-8.1719054240e+01 0.0000000000e+00 6.7321777344e-08 3.0700683594e-07 3.8555908203e-07 3.0566406250e-07
-8.1490959670e+01 0.0000000000e+00 6.7321777344e-08 3.0700683594e-07 3.8555908203e-07 3.0566406250e-07
-8.1262865090e+01 0.0000000000e+00 6.7321777344e-08 3.0700683594e-07 3.8555908203e-07 3.0566406250e-07
-8.1034770520e+01 0.0000000000e+00 6.7321777344e-08 3.0700683594e-07 3.8555908203e-07 3.0566406250e-07
-8.0806675940e+01 0.0000000000e+00 6.7321777344e-08 3.0700683594e-07 3.8555908203e-07 3.0566406250e-07
-8.0578581360e+01 0.0000000000e+00 6.7321777344e-08 3.0700683594e-07 3.8555908203e-07 3.0566406250e-07
-8.0350486790e+01 0.0000000000e+00 6.7321777344e-08 3.0700683594e-07 3.8555908203e-07 3.0566406250e-07
-8.0122392210e+01 0.0000000000e+00 6.7321777344e-08 3.0700683594e-07 3.8555908203e-07 3.0566406250e-07
-7.9894297640e+01 0.0000000000e+00 6.7321777344e-08 3.0700683594e-07 3.8555908203e-07 3.0566406250e-07
-7.9666203060e+01 6.3996509570e-08 1.3131828691e-07 3.7100334551e-07 4.4955559160e-07 3.6966057207e-07
-7.9438108480e+01 1.5615959650e-07 2.2348137384e-07 4.6316643244e-07 5.4171867853e-07 4.6182365900e-07
-7.9210013910e+01 1.2400145690e-07 1.9132323424e-07 4.3100829284e-07 5.0956053893e-07 4.2966551940e-07
-7.8981919330e+01 2.5171196990e-08 9.2492974334e-08 3.3217803293e-07 4.1073027902e-07 3.3083525949e-07
-7.8753824760e+01 0.0000000000e+00 6.7321777344e-08 3.0700683594e-07 3.8555908203e-07 3.0566406250e-07
-7.8525730180e+01 0.0000000000e+00 6.7321777344e-08 3.0700683594e-07 3.8555908203e-07 3.0566406250e-07
-7.8297635600e+01 0.0000000000e+00 6.7321777344e-08 3.0700683594e-07 3.8555908203e-07 3.0566406250e-07
-7.8069541030e+01 0.0000000000e+00 6.7321777344e-08 3.0700683594e-07 3.8555908203e-07 3.0566406250e-07
-7.7841446450e+01 0.0000000000e+00 6.7321777344e-08 3.0700683594e-07 3.8555908203e-07 3.0566406250e-07
-7.7613351880e+01 0.0000000000e+00 6.7321777344e-08 3.0700683594e-07 3.8555908203e-07 3.0566406250e-07
-7.7385257300e+01 0.0000000000e+00 6.7321777344e-08 3.0700683594e-07 3.8555908203e-07 3.0566406250e-07
-7.7157162730e+01 0.0000000000e+00 6.7321777344e-08 3.0700683594e-07 3.8555908203e-07 3.0566406250e-07
-7.6929068150e+01 0.0000000000e+00 6.7321777344e-08 3.0700683594e-07 3.8555908203e-07 3.0566406250e-07
-7.6700973570e+01 0.0000000000e+00 6.7321777344e-08 3.0700683594e-07 3.8555908203e-07 3.0566406250e-07
-7.6472879000e+01 0.0000000000e+00 6.7321777344e-08 3.0700683594e-07 3.8555908203e-07 3.0566406250e-07
-7.6244784420e+01 0.0000000000e+00 6.7321777344e-08 3.0700683594e-07 3.8555908203e-07 3.0566406250e-07
-7.6016689850e+01 0.0000000000e+00 6.7321777344e-08 3.0700683594e-07 3.8555908203e-07 3.0566406250e-07
-7.5788595270e+01 0.0000000000e+00 6.7321777344e-08 3.0700683594e-07 3.8555908203e-07 3.0566406250e-07
-7.5560500700e+01 0.0000000000e+00 6.7321777344e-08 3.0700683594e-07 3.8555908203e-07 3.0566406250e-07
-7.5332406120e+01 0.0000000000e+00 6.7321777344e-08 3.0700683594e-07 3.8555908203e-07 3.0566406250e-07
-7.5104311540e+01 0.0000000000e+00 6.7321777344e-08 3.0700683594e-07 3.8555908203e-07 3.0566406250e-07
-7.4876216970e+01 0.0000000000e+00 6.7321777344e-08 3.0700683594e-07 3.8555908203e-07 3.0566406250e-07
-7.4648122390e+01 0.0000000000e+00 6.7321777344e-08 3.0700683594e-07 3.8555908203e-07 3.0566406250e-07
-7.4420027820e+01 0.0000000000e+00 6.7321777344e-08 3.0700683594e-07 3.8555908203e-07 3.0566406250e-07
-7.4191933240e+01 0.0000000000e+00 6.7321777344e-08 3.0700683594e-07 3.8555908203e-07 3.0566406250e-07
-7.3963838660e+01 0.0000000000e+00 6.7321777344e-08 3.0700683594e-07 3.8555908203e-07 3.0566406250e-07
-7.3735744090e+01 0.0000000000e+00 6.7321777344e-08 3.0700683594e-07 3.8555908203e-07 3.0566406250e-07
-7.3507649510e+01 0.0000000000e+00 6.7321777344e-08 3.0700683594e-07 3.8555908203e-07 3.0566406250e-07
-7.3279554940e+01 0.0000000000e+00 6.7321777344e-08 3.0700683594e-07 3.8555908203e-07 3.0566406250e-07
-7.3051460360e+01 0.0000000000e+00 6.7321777344e-08 3.0700683594e-07 3.8555908203e-07 3.0566406250e-07
-7.2823365790e+01 0.0000000000e+00 6.7321777344e-08 3.0700683594e-07 3.8555908203e-07 3.0566406250e-07
-7.2595271210e+01 0.0000000000e+00 6.7321777344e-08 3.0700683594e-07 3.8555908203e-07 3.0566406250e-07
-7.2367176630e+01 0.0000000000e+00 6.7321777344e-08 3.0700683594e-07 3.8555908203e-07 3.0566406250e-07
-7.2139082060e+01 0.0000000000e+00 6.7321777344e-08 3.0700683594e-07 3.8555908203e-07 3.0566406250e-07
-7.1910987480e+01 0.0000000000e+00 6.7321777344e-08 3.0700683594e-07 3.8555908203e-07 3.0566406250e-07
-7.1682892910e+01 0.0000000000e+00 6.7321777344e-08 3.0700683594e-07 3.8555908203e-07 3.0566406250e-07
-7.1454798330e+01 0.0000000000e+00 6.7321777344e-08 3.0700683594e-07 3.8555908203e-07 3.0566406250e-07
-7.1226703760e+01 0.0000000000e+00 6.7321777344e-08 3.0700683594e-07 3.8555908203e-07 3.0566406250e-07
-7.0998609180e+01 0.0000000000e+00 6.7321777344e-08 3.0700683594e-07 3.8555908203e-07 3.0566406250e-07
-7.0770514600e+01 0.0000000000e+00 6.7321777344e-08 3.0700683594e-07 3.8555908203e-07 3.0566406250e-07
-7.0542420030e+01 0.0000000000e+00 6.7321777344e-08 3.0700683594e-07 3.8555908203e-07 3.0566406250e-07
-7.0314325450e+01 0.0000000000e+00 6.7321777344e-08 3.0700683594e-07 3.8555908203e-07 3.0566406250e-07
-7.0086230880e+01 0.0000000000e+00 6.7321777344e-08 3.0700683594e-07 3.8555908203e-07 3.0566406250e-07
-6.9858136300e+01 0.0000000000e+00 6.7321777344e-08 3.0700683594e-07 3.8555908203e-07 3.0566406250e-07
-6.9630041720e+01 0.0000000000e+00 6.7321777344e-08 3.0700683594e-07 3.8555908203e-07 3.0566406250e-07
-6.9401947150e+01 0.0000000000e+00 6.7321777344e-08 3.0700683594e-07 3.8555908203e-07 3.0566406250e-07
-6.9173852570e+01 0.0000000000e+00 6.7321777344e-08 3.0700683594e-07 3.8555908203e-07 3.0566406250e-07
-6.8945758000e+01 1.0108044940e-07 1.6840222674e-07 4.0808728534e-07 4.8663953143e-07 4.0674451190e-07
-6.8717663420e+01 1.8819358740e-07 2.5551536474e-07 4.9520042334e-07 5.7375266943e-07 4.9385764990e-07
-6.8489568850e+01 4.9423107700e-08 1.1674488504e-07 3.5642994364e-07 4.3498218973e-07 3.5508717020e-07
-6.8261474270e+01 0.0000000000e+00 6.7321777344e-08 3.0700683594e-07 3.8555908203e-07 3.0566406250e-07
-6.8033379690e+01 0.0000000000e+00 6.7321777344e-08 3.0700683594e-07 3.8555908203e-07 3.0566406250e-07
-6.7805285120e+01 0.0000000000e+00 6.7321777344e-08 3.0700683594e-07 3.8555908203e-07 3.0566406250e-07
-6.7577190540e+01 0.0000000000e+00 6.7321777344e-08 3.0700683594e-07 3.8555908203e-07 3.0566406250e-07
-6.7349095970e+01 0.0000000000e+00 6.7321777344e-08 3.0700683594e-07 3.8555908203e-07 3.0566406250e-07
-6.7121001390e+01 0.0000000000e+00 6.7321777344e-08 3.0700683594e-07 3.8555908203e-07 3.0566406250e-07
-6.6892906820e+01 0.0000000000e+00 6.7321777344e-08 3.0700683594e-07 3.8555908203e-07 3.0566406250e-07
-6.6664812240e+01 0.0000000000e+00 6.7321777344e-08 3.0700683594e-07 3.8555908203e-07 3.0566406250e-07
-6.6436717660e+01 0.0000000000e+00 6.7321777344e-08 3.0700683594e-07 3.8555908203e-07 3.0566406250e-07
-6.6208623090e+01 0.0000000000e+00 6.7321777344e-08 3.0700683594e-07 3.8555908203e-07 3.0566406250e-07
-6.5980528510e+01 0.0000000000e+00 6.7321777344e-08 3.0700683594e-07 3.8555908203e-07 3.0566406250e-07
-6.5752433940e+01 0.0000000000e+00 6.7321777344e-08 3.0700683594e-07 3.8555908203e-07 3.0566406250e-07
-6.5524339360e+01 0.0000000000e+00 6.7321777344e-08 3.0700683594e-07 3.8555908203e-07 3.0566406250e-07
-6.5296244780e+01 0.0000000000e+00 6.7321777344e-08 3.0700683594e-07 3.8555908203e-07 3.0566406250e-07
-6.5068150210e+01 0.0000000000e+00 6.7321777344e-08 3.0700683594e-07 3.8555908203e-07 3.0566406250e-07
-6.4840055630e+01 0.0000000000e+00 6.7321777344e-08 3.0700683594e-07 3.8555908203e-07 3.0566406250e-07
-6.4611961060e+01 0.0000000000e+00 6.7321777344e-08 3.0700683594e-07 3.8555908203e-07 3.0566406250e-07
-6.4383866480e+01 0.0000000000e+00 6.7321777344e-08 3.0700683594e-07 3.8555908203e-07 3.0566406250e-07
-6.4155771900e+01 0.0000000000e+00 6.7321777344e-08 3.0700683594e-07 3.8555908203e-07 3.0566406250e-07
-6.3927677330e+01 0.0000000000e+00 6.7321777344e-08 3.0700683594e-07 3.8555908203e-07 3.0566406250e-07
-6.3699582750e+01 0.0000000000e+00 6.7321777344e-08 3.0700683594e-07 3.8555908203e-07 3.0566406250e-07
-6.3471488180e+01 0.0000000000e+00 6.7321777344e-08 3.0700683594e-07 3.8555908203e-07 3.0566406250e-07
-6.3243393600e+01 0.0000000000e+00 6.7321777344e-08 3.0700683594e-07 3.8555908203e-07 3.0566406250e-07
-6.3015299030e+01 0.0000000000e+00 6.7321777344e-08 3.0700683594e-07 3.8555908203e-07 3.0566406250e-07
-6.2787204450e+01 0.0000000000e+00 6.7321777344e-08 3.0700683594e-07 3.8555908203e-07 3.0566406250e-07
-6.2559109870e+01 0.0000000000e+00 6.7321777344e-08 3.0700683594e-07 3.8555908203e-07 3.0566406250e-07
-6.2331015300e+01 0.0000000000e+00 6.7321777344e-08 3.0700683594e-07 3.8555908203e-07 3.0566406250e-07
-6.2102920720e+01 0.0000000000e+00 6.7321777344e-08 3.0700683594e-07 3.8555908203e-07 3.0566406250e-07
-6.1874826150e+01 0.0000000000e+00 6.7321777344e-08 3.0700683594e-07 3.8555908203e-07 3.0566406250e-07
-6.1646731570e+01 0.0000000000e+00 6.7321777344e-08 3.0700683594e-07 3.8555908203e-07 3.0566406250e-07
-6.1418637000e+01 0.0000000000e+00 6.7321777344e-08 3.0700683594e-07 3.8555908203e-07 3.0566406250e-07
-6.1190542420e+01 0.0000000000e+00 6.7321777344e-08 3.0700683594e-07 3.8555908203e-07 3.0566406250e-07
-6.0962447840e+01 0.0000000000e+00 6.7321777344e-08 3.0700683594e-07 3.8555908203e-07 3.0566406250e-07
-6.0734353270e+01 0.0000000000e+00 6.7321777344e-08 3.0700683594e-07 3.8555908203e-07 3.0566406250e-07
-6.0506258690e+01 0.0000000000e+00 6.7321777344e-08 3.0700683594e-07 3.8555908203e-07 3.0566406250e-07
-6.0278164120e+01 0.0000000000e+00 6.7321777344e-08 3.0700683594e-07 3.8555908203e-07 3.0566406250e-07
-6.0050069540e+01 0.0000000000e+00 6.7321777344e-08 3.0700683594e-07 3.8555908203e-07 3.0566406250e-07
-5.9821974970e+01 1.2336334110e-07 1.9068511844e-07 4.3037017704e-07 5.0892242313e-07 4.2902740360e-07
-5.9593880390e+01 0.0000000000e+00 6.7321777344e-08 3.0700683594e-07 3.8555908203e-07 3.0566406250e-07
-5.9365785810e+01 0.0000000000e+00 6.7321777344e-08 3.0700683594e-07 3.8555908203e-07 3.0566406250e-07
-5.9137691240e+01 0.0000000000e+00 6.7321777344e-08 3.0700683594e-07 3.8555908203e-07 3.0566406250e-07
-5.8909596660e+01 0.0000000000e+00 6.7321777344e-08 3.0700683594e-07 3.8555908203e-07 3.0566406250e-07
-5.8681502090e+01 0.0000000000e+00 6.7321777344e-08 3.0700683594e-07 3.8555908203e-07 3.0566406250e-07
-5.8453407510e+01 4.7139776410e-08 1.1446155375e-07 3.5414661235e-07 4.3269885844e-07 3.5280383891e-07
-5.8225312930e+01 3.0357144190e-09 7.0357491763e-08 3.1004255036e-07 3.8859479645e-07 3.0869977692e-07
-5.7997218360e+01 0.0000000000e+00 6.7321777344e-08 3.0700683594e-07 3.8555908203e-07 3.0566406250e-07
-5.7769123780e+01 0.0000000000e+00 6.7321777344e-08 3.0700683594e-07 3.8555908203e-07 3.0566406250e-07
-5.7541029210e+01 0.0000000000e+00 6.7321777344e-08 3.0700683594e-07 3.8555908203e-07 3.0566406250e-07
-5.7312934630e+01 1.0108360860e-07 1.6840538594e-07 4.0809044454e-07 4.8664269063e-07 4.0674767110e-07
-5.7084840060e+01 0.0000000000e+00 6.7321777344e-08 3.0700683594e-07 3.8555908203e-07 3.0566406250e-07
-5.6856745480e+01 0.0000000000e+00 6.7321777344e-08 3.0700683594e-07 3.8555908203e-07 3.0566406250e-07
-5.6628650900e+01 0.0000000000e+00 6.7321777344e-08 3.0700683594e-07 3.8555908203e-07 3.0566406250e-07
-5.6400556330e+01 9.4843726920e-08 1.6216550426e-07 4.0185056286e-07 4.8040280895e-07 4.0050778942e-07
-5.6172461750e+01 0.0000000000e+00 6.7321777344e-08 3.0700683594e-07 3.8555908203e-07 3.0566406250e-07
-5.5944367180e+01 0.0000000000e+00 6.7321777344e-08 3.0700683594e-07 3.8555908203e-07 3.0566406250e-07
-5.5716272600e+01 3.0672380380e-08 9.7994157724e-08 3.3767921632e-07 4.1623146241e-07 3.3633644288e-07
-5.5488178030e+01 0.0000000000e+00 6.7321777344e-08 3.0700683594e-07 3.8555908203e-07 3.0566406250e-07
-5.5260083450e+01 0.0000000000e+00 6.7321777344e-08 3.0700683594e-07 3.8555908203e-07 3.0566406250e-07
-5.5031988870e+01 7.6314635120e-09 7.4953240856e-08 3.1463829945e-07 3.9319054554e-07 3.1329552601e-07
-5.4803894300e+01 0.0000000000e+00 6.7321777344e-08 3.0700683594e-07 3.8555908203e-07 3.0566406250e-07
-5.4575799720e+01 0.0000000000e+00 6.7321777344e-08 3.0700683594e-07 3.8555908203e-07 3.0566406250e-07
-5.4347705150e+01 7.9165084430e-08 1.4648686177e-07 3.8617192037e-07 4.6472416646e-07 3.8482914693e-07
-5.4119610570e+01 0.0000000000e+00 6.7321777344e-08 3.0700683594e-07 3.8555908203e-07 3.0566406250e-07
-5.3891515990e+01 0.0000000000e+00 6.7321777344e-08 3.0700683594e-07 3.8555908203e-07 3.0566406250e-07
-5.3663421420e+01 7.1162494500e-08 1.3848427184e-07 3.7816933044e-07 4.5672157653e-07 3.7682655700e-07
-5.3435326840e+01 0.0000000000e+00 6.7321777344e-08 3.0700683594e-07 3.8555908203e-07 3.0566406250e-07
-5.3207232270e+01 6.8209637880e-09 7.4142741132e-08 3.1382779973e-07 3.9238004582e-07 3.1248502629e-07
-5.2979137690e+01 0.0000000000e+00 6.7321777344e-08 3.0700683594e-07 3.8555908203e-07 3.0566406250e-07
-5.2751043120e+01 0.0000000000e+00 6.7321777344e-08 3.0700683594e-07 3.8555908203e-07 3.0566406250e-07
-5.2522948540e+01 3.5377542790e-08 1.0269932013e-07 3.4238437873e-07 4.2093662482e-07 3.4104160529e-07
-5.2294853960e+01 0.0000000000e+00 6.7321777344e-08 3.0700683594e-07 3.8555908203e-07 3.0566406250e-07
-5.2066759390e+01 7.5905455750e-08 1.4322723309e-07 3.8291229169e-07 4.6146453778e-07 3.8156951825e-07
-5.1838664810e+01 0.0000000000e+00 6.7321777344e-08 3.0700683594e-07 3.8555908203e-07 3.0566406250e-07
-5.1610570240e+01 0.0000000000e+00 6.7321777344e-08 3.0700683594e-07 3.8555908203e-07 3.0566406250e-07
-5.1382475660e+01 0.0000000000e+00 6.7321777344e-08 3.0700683594e-07 3.8555908203e-07 3.0566406250e-07
-5.1154381080e+01 0.0000000000e+00 6.7321777344e-08 3.0700683594e-07 3.8555908203e-07 3.0566406250e-07
-5.0926286510e+01 0.0000000000e+00 6.7321777344e-08 3.0700683594e-07 3.8555908203e-07 3.0566406250e-07
-5.0698191930e+01 0.0000000000e+00 6.7321777344e-08 3.0700683594e-07 3.8555908203e-07 3.0566406250e-07
-5.0470097360e+01 7.2510935150e-08 1.3983271249e-07 3.7951777109e-07 4.5807001718e-07 3.7817499765e-07
-5.0242002780e+01 0.0000000000e+00 6.7321777344e-08 3.0700683594e-07 3.8555908203e-07 3.0566406250e-07
-5.0013908210e+01 7.1839998310e-08 1.3916177565e-07 3.7884683425e-07 4.5739908034e-07 3.7750406081e-07
-4.9785813630e+01 0.0000000000e+00 6.7321777344e-08 3.0700683594e-07 3.8555908203e-07 3.0566406250e-07
-4.9557719050e+01 1.6662052550e-09 6.8987982599e-08 3.0867304119e-07 3.8722528729e-07 3.0733026776e-07
-4.9329624480e+01 0.0000000000e+00 6.7321777344e-08 3.0700683594e-07 3.8555908203e-07 3.0566406250e-07
-4.9101529900e+01 0.0000000000e+00 6.7321777344e-08 3.0700683594e-07 3.8555908203e-07 3.0566406250e-07
-4.8873435330e+01 0.0000000000e+00 6.7321777344e-08 3.0700683594e-07 3.8555908203e-07 3.0566406250e-07
-4.8645340750e+01 0.0000000000e+00 6.7321777344e-08 3.0700683594e-07 3.8555908203e-07 3.0566406250e-07
-4.8417246180e+01 0.0000000000e+00 6.7321777344e-08 3.0700683594e-07 3.8555908203e-07 3.0566406250e-07
-4.8189151600e+01 0.0000000000e+00 6.7321777344e-08 3.0700683594e-07 3.8555908203e-07 3.0566406250e-07
-4.7961057020e+01 0.0000000000e+00 6.7321777344e-08 3.0700683594e-07 3.8555908203e-07 3.0566406250e-07
-4.7732962450e+01 0.0000000000e+00 6.7321777344e-08 3.0700683594e-07 3.8555908203e-07 3.0566406250e-07
-4.7504867870e+01 0.0000000000e+00 6.7321777344e-08 3.0700683594e-07 3.8555908203e-07 3.0566406250e-07
-4.7276773300e+01 0.0000000000e+00 6.7321777344e-08 3.0700683594e-07 3.8555908203e-07 3.0566406250e-07
-4.7048678720e+01 0.0000000000e+00 6.7321777344e-08 3.0700683594e-07 3.8555908203e-07 3.0566406250e-07
-4.6820584140e+01 0.0000000000e+00 6.7321777344e-08 3.0700683594e-07 3.8555908203e-07 3.0566406250e-07
-4.6592489570e+01 0.0000000000e+00 6.7321777344e-08 3.0700683594e-07 3.8555908203e-07 3.0566406250e-07
-4.6364394990e+01 0.0000000000e+00 6.7321777344e-08 3.0700683594e-07 3.8555908203e-07 3.0566406250e-07
-4.6136300420e+01 0.0000000000e+00 6.7321777344e-08 3.0700683594e-07 3.8555908203e-07 3.0566406250e-07
-4.5908205840e+01 0.0000000000e+00 6.7321777344e-08 3.0700683594e-07 3.8555908203e-07 3.0566406250e-07
-4.5680111270e+01 0.0000000000e+00 6.7321777344e-08 3.0700683594e-07 3.8555908203e-07 3.0566406250e-07
-4.5452016690e+01 0.0000000000e+00 6.7321777344e-08 3.0700683594e-07 3.8555908203e-07 3.0566406250e-07
-4.5223922110e+01 0.0000000000e+00 6.7321777344e-08 3.0700683594e-07 3.8555908203e-07 3.0566406250e-07
-4.4995827540e+01 0.0000000000e+00 6.7321777344e-08 3.0700683594e-07 3.8555908203e-07 3.0566406250e-07
-4.4767732960e+01 0.0000000000e+00 6.7321777344e-08 3.0700683594e-07 3.8555908203e-07 3.0566406250e-07
-4.4539638390e+01 0.0000000000e+00 6.7321777344e-08 3.0700683594e-07 3.8555908203e-07 3.0566406250e-07
-4.4311543810e+01 0.0000000000e+00 6.7321777344e-08 3.0700683594e-07 3.8555908203e-07 3.0566406250e-07
-4.4083449240e+01 0.0000000000e+00 6.7321777344e-08 3.0700683594e-07 3.8555908203e-07 3.0566406250e-07
-4.3855354660e+01 0.0000000000e+00 6.7321777344e-08 3.0700683594e-07 3.8555908203e-07 3.0566406250e-07
-4.3627260080e+01 0.0000000000e+00 6.7321777344e-08 3.0700683594e-07 3.8555908203e-07 3.0566406250e-07
-4.3399165510e+01 0.0000000000e+00 6.7321777344e-08 3.0700683594e-07 3.8555908203e-07 3.0566406250e-07
-4.3171070930e+01 0.0000000000e+00 6.7321777344e-08 3.0700683594e-07 3.8555908203e-07 3.0566406250e-07
-4.2942976360e+01 0.0000000000e+00 6.7321777344e-08 3.0700683594e-07 3.8555908203e-07 3.0566406250e-07
-4.2714881780e+01 0.0000000000e+00 6.7321777344e-08 3.0700683594e-07 3.8555908203e-07 3.0566406250e-07
-4.2486787200e+01 0.0000000000e+00 6.7321777344e-08 3.0700683594e-07 3.8555908203e-07 3.0566406250e-07
-4.2258692630e+01 0.0000000000e+00 6.7321777344e-08 3.0700683594e-07 3.8555908203e-07 3.0566406250e-07
-4.2030598050e+01 0.0000000000e+00 6.7321777344e-08 3.0700683594e-07 3.8555908203e-07 3.0566406250e-07
-4.1802503480e+01 0.0000000000e+00 6.7321777344e-08 3.0700683594e-07 3.8555908203e-07 3.0566406250e-07
-4.1574408900e+01 0.0000000000e+00 6.7321777344e-08 3.0700683594e-07 3.8555908203e-07 3.0566406250e-07
-4.1346314330e+01 0.0000000000e+00 6.7321777344e-08 3.0700683594e-07 3.8555908203e-07 3.0566406250e-07
-4.1118219750e+01 0.0000000000e+00 6.7321777344e-08 3.0700683594e-07 3.8555908203e-07 3.0566406250e-07
-4.0890125170e+01 0.0000000000e+00 6.7321777344e-08 3.0700683594e-07 3.8555908203e-07 3.0566406250e-07
-4.0662030600e+01 0.0000000000e+00 6.7321777344e-08 3.0700683594e-07 3.8555908203e-07 3.0566406250e-07
-4.0433936020e+01 0.0000000000e+00 6.7321777344e-08 3.0700683594e-07 3.8555908203e-07 3.0566406250e-07
-4.0205841450e+01 0.0000000000e+00 6.7321777344e-08 3.0700683594e-07 3.8555908203e-07 3.0566406250e-07
-3.9977746870e+01 0.0000000000e+00 6.7321777344e-08 3.0700683594e-07 3.8555908203e-07 3.0566406250e-07
-3.9749652290e+01 0.0000000000e+00 6.7321777344e-08 3.0700683594e-07 3.8555908203e-07 3.0566406250e-07
-3.9521557720e+01 0.0000000000e+00 6.7321777344e-08 3.0700683594e-07 3.8555908203e-07 3.0566406250e-07
-3.9293463140e+01 0.0000000000e+00 6.7321777344e-08 3.0700683594e-07 3.8555908203e-07 3.0566406250e-07
-3.9065368570e+01 0.0000000000e+00 6.7321777344e-08 3.0700683594e-07 3.8555908203e-07 3.0566406250e-07
-3.8837273990e+01 0.0000000000e+00 6.7321777344e-08 3.0700683594e-07 3.8555908203e-07 3.0566406250e-07
-3.8609179420e+01 0.0000000000e+00 6.7321777344e-08 3.0700683594e-07 3.8555908203e-07 3.0566406250e-07
-3.8381084840e+01 0.0000000000e+00 6.7321777344e-08 3.0700683594e-07 3.8555908203e-07 3.0566406250e-07
-3.8152990260e+01 0.0000000000e+00 6.7321777344e-08 3.0700683594e-07 3.8555908203e-07 3.0566406250e-07
-3.7924895690e+01 0.0000000000e+00 6.7321777344e-08 3.0700683594e-07 3.8555908203e-07 3.0566406250e-07
-3.7696801110e+01 0.0000000000e+00 6.7321777344e-08 3.0700683594e-07 3.8555908203e-07 3.0566406250e-07
-3.7468706540e+01 0.0000000000e+00 6.7321777344e-08 3.0700683594e-07 3.8555908203e-07 3.0566406250e-07
-3.7240611960e+01 0.0000000000e+00 6.7321777344e-08 3.0700683594e-07 3.8555908203e-07 3.0566406250e-07
-3.7012517390e+01 0.0000000000e+00 6.7321777344e-08 3.0700683594e-07 3.8555908203e-07 3.0566406250e-07
-3.6784422810e+01 0.0000000000e+00 6.7321777344e-08 3.0700683594e-07 3.8555908203e-07 3.0566406250e-07
-3.6556328230e+01 0.0000000000e+00 6.7321777344e-08 3.0700683594e-07 3.8555908203e-07 3.0566406250e-07
-3.6328233660e+01 0.0000000000e+00 6.7321777344e-08 3.0700683594e-07 3.8555908203e-07 3.0566406250e-07
-3.6100139080e+01 0.0000000000e+00 6.7321777344e-08 3.0700683594e-07 3.8555908203e-07 3.0566406250e-07
-3.5872044510e+01 0.0000000000e+00 6.7321777344e-08 3.0700683594e-07 3.8555908203e-07 3.0566406250e-07
-3.5643949930e+01 0.0000000000e+00 6.7321777344e-08 3.0700683594e-07 3.8555908203e-07 3.0566406250e-07
-3.5415855350e+01 0.0000000000e+00 6.7321777344e-08 3.0700683594e-07 3.8555908203e-07 3.0566406250e-07
-3.5187760780e+01 0.0000000000e+00 6.7321777344e-08 3.0700683594e-07 3.8555908203e-07 3.0566406250e-07
-3.4959666200e+01 0.0000000000e+00 6.7321777344e-08 3.0700683594e-07 3.8555908203e-07 3.0566406250e-07
-3.4731571630e+01 0.0000000000e+00 6.7321777344e-08 3.0700683594e-07 3.8555908203e-07 3.0566406250e-07
-3.4503477050e+01 0.0000000000e+00 6.7321777344e-08 3.0700683594e-07 3.8555908203e-07 3.0566406250e-07
-3.4275382480e+01 0.0000000000e+00 6.7321777344e-08 3.0700683594e-07 3.8555908203e-07 3.0566406250e-07
-3.4047287900e+01 0.0000000000e+00 6.7321777344e-08 3.0700683594e-07 3.8555908203e-07 3.0566406250e-07
-3.3819193320e+01 0.0000000000e+00 6.7321777344e-08 3.0700683594e-07 3.8555908203e-07 3.0566406250e-07
-3.3591098750e+01 0.0000000000e+00 6.7321777344e-08 3.0700683594e-07 3.8555908203e-07 3.0566406250e-07
-3.3363004170e+01 0.0000000000e+00 6.7321777344e-08 3.0700683594e-07 3.8555908203e-07 3.0566406250e-07
-3.3134909600e+01 0.0000000000e+00 6.7321777344e-08 3.0700683594e-07 3.8555908203e-07 3.0566406250e-07
-3.2906815020e+01 0.0000000000e+00 6.7321777344e-08 3.0700683594e-07 3.8555908203e-07 3.0566406250e-07
-3.2678720450e+01 0.0000000000e+00 6.7321777344e-08 3.0700683594e-07 3.8555908203e-07 3.0566406250e-07
-3.2450625870e+01 0.0000000000e+00 6.7321777344e-08 3.0700683594e-07 3.8555908203e-07 3.0566406250e-07
-3.2222531290e+01 0.0000000000e+00 6.7321777344e-08 3.0700683594e-07 3.8555908203e-07 3.0566406250e-07
-3.1994436720e+01 0.0000000000e+00 6.7321777344e-08 3.0700683594e-07 3.8555908203e-07 3.0566406250e-07
-3.1766342140e+01 0.0000000000e+00 6.7321777344e-08 3.0700683594e-07 3.8555908203e-07 3.0566406250e-07
-3.1538247570e+01 0.0000000000e+00 6.7321777344e-08 3.0700683594e-07 3.8555908203e-07 3.0566406250e-07
-3.1310152990e+01 0.0000000000e+00 6.7321777344e-08 3.0700683594e-07 3.8555908203e-07 3.0566406250e-07
-3.1082058410e+01 0.0000000000e+00 6.7321777344e-08 3.0700683594e-07 3.8555908203e-07 3.0566406250e-07
-3.0853963840e+01 0.0000000000e+00 6.7321777344e-08 3.0700683594e-07 3.8555908203e-07 3.0566406250e-07
-3.0625869260e+01 0.0000000000e+00 6.7321777344e-08 3.0700683594e-07 3.8555908203e-07 3.0566406250e-07
-3.0397774690e+01 0.0000000000e+00 6.7321777344e-08 3.0700683594e-07 3.8555908203e-07 3.0566406250e-07
-3.0169680110e+01 0.0000000000e+00 6.7321777344e-08 3.0700683594e-07 3.8555908203e-07 3.0566406250e-07
-2.9941585540e+01 0.0000000000e+00 6.7321777344e-08 3.0700683594e-07 3.8555908203e-07 3.0566406250e-07
-2.9713490960e+01 0.0000000000e+00 6.7321777344e-08 3.0700683594e-07 3.8555908203e-07 3.0566406250e-07
-2.9485396380e+01 0.0000000000e+00 6.7321777344e-08 3.0700683594e-07 3.8555908203e-07 3.0566406250e-07
-2.9257301810e+01 0.0000000000e+00 6.7321777344e-08 3.0700683594e-07 3.8555908203e-07 3.0566406250e-07
-2.9029207230e+01 0.0000000000e+00 6.7321777344e-08 3.0700683594e-07 3.8555908203e-07 3.0566406250e-07
-2.8801112660e+01 0.0000000000e+00 6.7321777344e-08 3.0700683594e-07 3.8555908203e-07 3.0566406250e-07
-2.8573018080e+01 0.0000000000e+00 6.7321777344e-08 3.0700683594e-07 3.8555908203e-07 3.0566406250e-07
-2.8344923510e+01 0.0000000000e+00 6.7321777344e-08 3.0700683594e-07 3.8555908203e-07 3.0566406250e-07
-2.8116828930e+01 0.0000000000e+00 6.7321777344e-08 3.0700683594e-07 3.8555908203e-07 3.0566406250e-07
-2.7888734350e+01 0.0000000000e+00 6.7321777344e-08 3.0700683594e-07 3.8555908203e-07 3.0566406250e-07
-2.7660639780e+01 0.0000000000e+00 6.7321777344e-08 3.0700683594e-07 3.8555908203e-07 3.0566406250e-07
-2.7432545200e+01 0.0000000000e+00 6.7321777344e-08 3.0700683594e-07 3.8555908203e-07 3.0566406250e-07
-2.7204450630e+01 0.0000000000e+00 6.7321777344e-08 3.0700683594e-07 3.8555908203e-07 3.0566406250e-07
-2.6976356050e+01 0.0000000000e+00 6.7321777344e-08 3.0700683594e-07 3.8555908203e-07 3.0566406250e-07
-2.6748261470e+01 0.0000000000e+00 6.7321777344e-08 3.0700683594e-07 3.8555908203e-07 3.0566406250e-07
-2.6520166900e+01 0.0000000000e+00 6.7321777344e-08 3.0700683594e-07 3.8555908203e-07 3.0566406250e-07
-2.6292072320e+01 0.0000000000e+00 6.7321777344e-08 3.0700683594e-07 3.8555908203e-07 3.0566406250e-07
-2.6063977750e+01 0.0000000000e+00 6.7321777344e-08 3.0700683594e-07 3.8555908203e-07 3.0566406250e-07
-2.5835883170e+01 0.0000000000e+00 6.7321777344e-08 3.0700683594e-07 3.8555908203e-07 3.0566406250e-07
-2.5607788590e+01 0.0000000000e+00 6.7321777344e-08 3.0700683594e-07 3.8555908203e-07 3.0566406250e-07
-2.5379694020e+01 0.0000000000e+00 6.7321777344e-08 3.0700683594e-07 3.8555908203e-07 3.0566406250e-07
-2.5151599440e+01 0.0000000000e+00 6.7321777344e-08 3.0700683594e-07 3.8555908203e-07 3.0566406250e-07
-2.4923504870e+01 0.0000000000e+00 6.7321777344e-08 3.0700683594e-07 3.8555908203e-07 3.0566406250e-07
-2.4695410290e+01 0.0000000000e+00 6.7321777344e-08 3.0700683594e-07 3.8555908203e-07 3.0566406250e-07
-2.4467315720e+01 0.0000000000e+00 6.7321777344e-08 3.0700683594e-07 3.8555908203e-07 3.0566406250e-07
-2.4239221140e+01 0.0000000000e+00 6.7321777344e-08 3.0700683594e-07 3.8555908203e-07 3.0566406250e-07
-2.4011126570e+01 0.0000000000e+00 6.7321777344e-08 3.0700683594e-07 3.8555908203e-07 3.0566406250e-07
-2.3783031990e+01 0.0000000000e+00 6.7321777344e-08 3.0700683594e-07 3.8555908203e-07 3.0566406250e-07
-2.3554937410e+01 0.0000000000e+00 6.7321777344e-08 3.0700683594e-07 3.8555908203e-07 3.0566406250e-07
-2.3326842840e+01 0.0000000000e+00 6.7321777344e-08 3.0700683594e-07 3.8555908203e-07 3.0566406250e-07
-2.3098748260e+01 0.0000000000e+00 6.7321777344e-08 3.0700683594e-07 3.8555908203e-07 3.0566406250e-07
-2.2870653690e+01 1.6389743260e-07 2.3121920994e-07 4.7090426854e-07 5.4945651463e-07 4.6956149510e-07
-2.2642559110e+01 0.0000000000e+00 6.7321777344e-08 3.0700683594e-07 3.8555908203e-07 3.0566406250e-07
-2.2414464530e+01 0.0000000000e+00 6.7321777344e-08 3.0700683594e-07 3.8555908203e-07 3.0566406250e-07
-2.2186369960e+01 0.0000000000e+00 6.7321777344e-08 3.0700683594e-07 3.8555908203e-07 3.0566406250e-07
-2.1958275380e+01 0.0000000000e+00 6.7321777344e-08 3.0700683594e-07 3.8555908203e-07 3.0566406250e-07
-2.1730180810e+01 0.0000000000e+00 6.7321777344e-08 3.0700683594e-07 3.8555908203e-07 3.0566406250e-07
-2.1502086230e+01 2.1045439000e-09 6.9426321244e-08 3.0911137984e-07 3.8766362593e-07 3.0776860640e-07
-2.1273991650e+01 0.0000000000e+00 6.7321777344e-08 3.0700683594e-07 3.8555908203e-07 3.0566406250e-07
-2.1045897080e+01 0.0000000000e+00 6.7321777344e-08 3.0700683594e-07 3.8555908203e-07 3.0566406250e-07
-2.0817802500e+01 0.0000000000e+00 6.7321777344e-08 3.0700683594e-07 3.8555908203e-07 3.0566406250e-07
-2.0589707930e+01 0.0000000000e+00 6.7321777344e-08 3.0700683594e-07 3.8555908203e-07 3.0566406250e-07
-2.0361613350e+01 1.3366203280e-07 2.0098381014e-07 4.4066886874e-07 5.1922111483e-07 4.3932609530e-07
-2.0133518780e+01 0.0000000000e+00 6.7321777344e-08 3.0700683594e-07 3.8555908203e-07 3.0566406250e-07
-1.9905424200e+01 0.0000000000e+00 6.7321777344e-08 3.0700683594e-07 3.8555908203e-07 3.0566406250e-07
-1.9677329620e+01 0.0000000000e+00 6.7321777344e-08 3.0700683594e-07 3.8555908203e-07 3.0566406250e-07
-1.9449235050e+01 0.0000000000e+00 6.7321777344e-08 3.0700683594e-07 3.8555908203e-07 3.0566406250e-07
-1.9221140470e+01 0.0000000000e+00 6.7321777344e-08 3.0700683594e-07 3.8555908203e-07 3.0566406250e-07
-1.8993045900e+01 1.2291386760e-07 1.9023564494e-07 4.2992070354e-07 5.0847294963e-07 4.2857793010e-07
-1.8764951320e+01 0.0000000000e+00 6.7321777344e-08 3.0700683594e-07 3.8555908203e-07 3.0566406250e-07
-1.8536856750e+01 0.0000000000e+00 6.7321777344e-08 3.0700683594e-07 3.8555908203e-07 3.0566406250e-07
-1.8308762170e+01 0.0000000000e+00 6.7321777344e-08 3.0700683594e-07 3.8555908203e-07 3.0566406250e-07
-1.8080667590e+01 0.0000000000e+00 6.7321777344e-08 3.0700683594e-07 3.8555908203e-07 3.0566406250e-07
-1.7852573020e+01 1.3128579680e-08 8.0450357024e-08 3.2013541562e-07 3.9868766171e-07 3.1879264218e-07
-1.7624478440e+01 0.0000000000e+00 6.7321777344e-08 3.0700683594e-07 3.8555908203e-07 3.0566406250e-07
-1.7396383870e+01 0.0000000000e+00 6.7321777344e-08 3.0700683594e-07 3.8555908203e-07 3.0566406250e-07
-1.7168289290e+01 0.0000000000e+00 6.7321777344e-08 3.0700683594e-07 3.8555908203e-07 3.0566406250e-07
-1.6940194720e+01 0.0000000000e+00 6.7321777344e-08 3.0700683594e-07 3.8555908203e-07 3.0566406250e-07
-1.6712100140e+01 0.0000000000e+00 6.7321777344e-08 3.0700683594e-07 3.8555908203e-07 3.0566406250e-07
-1.6484005560e+01 1.5211182200e-07 2.1943359934e-07 4.5911865794e-07 5.3767090403e-07 4.5777588450e-07
-1.6255910990e+01 0.0000000000e+00 6.7321777344e-08 3.0700683594e-07 3.8555908203e-07 3.0566406250e-07
-1.6027816410e+01 0.0000000000e+00 6.7321777344e-08 3.0700683594e-07 3.8555908203e-07 3.0566406250e-07
-1.5799721840e+01 0.0000000000e+00 6.7321777344e-08 3.0700683594e-07 3.8555908203e-07 3.0566406250e-07
-1.5571627260e+01 0.0000000000e+00 6.7321777344e-08 3.0700683594e-07 3.8555908203e-07 3.0566406250e-07
-1.5343532680e+01 0.0000000000e+00 6.7321777344e-08 3.0700683594e-07 3.8555908203e-07 3.0566406250e-07
-1.5115438110e+01 4.9403746050e-08 1.1672552339e-07 3.5641058199e-07 4.3496282808e-07 3.5506780855e-07
-1.4887343530e+01 0.0000000000e+00 6.7321777344e-08 3.0700683594e-07 3.8555908203e-07 3.0566406250e-07
-1.4659248960e+01 0.0000000000e+00 6.7321777344e-08 3.0700683594e-07 3.8555908203e-07 3.0566406250e-07
-1.4431154380e+01 0.0000000000e+00 6.7321777344e-08 3.0700683594e-07 3.8555908203e-07 3.0566406250e-07
-1.4203059810e+01 0.0000000000e+00 6.7321777344e-08 3.0700683594e-07 3.8555908203e-07 3.0566406250e-07
-1.3974965230e+01 1.2980885690e-07 1.9713063424e-07 4.3681569284e-07 5.1536793893e-07 4.3547291940e-07
-1.3746870650e+01 0.0000000000e+00 6.7321777344e-08 3.0700683594e-07 3.8555908203e-07 3.0566406250e-07
-1.3518776080e+01 0.0000000000e+00 6.7321777344e-08 3.0700683594e-07 3.8555908203e-07 3.0566406250e-07
-1.3290681500e+01 0.0000000000e+00 6.7321777344e-08 3.0700683594e-07 3.8555908203e-07 3.0566406250e-07
-1.3062586930e+01 0.0000000000e+00 6.7321777344e-08 3.0700683594e-07 3.8555908203e-07 3.0566406250e-07
-1.2834492350e+01 0.0000000000e+00 6.7321777344e-08 3.0700683594e-07 3.8555908203e-07 3.0566406250e-07
-1.2606397770e+01 3.9942888630e-08 1.0726466597e-07 3.4694972457e-07 4.2550197066e-07 3.4560695113e-07
-1.2378303200e+01 0.0000000000e+00 6.7321777344e-08 3.0700683594e-07 3.8555908203e-07 3.0566406250e-07
-1.2150208620e+01 0.0000000000e+00 6.7321777344e-08 3.0700683594e-07 3.8555908203e-07 3.0566406250e-07
-1.1922114050e+01 0.0000000000e+00 6.7321777344e-08 3.0700683594e-07 3.8555908203e-07 3.0566406250e-07
-1.1694019470e+01 0.0000000000e+00 6.7321777344e-08 3.0700683594e-07 3.8555908203e-07 3.0566406250e-07
-1.1465924900e+01 1.5324778490e-07 2.2056956224e-07 4.6025462084e-07 5.3880686693e-07 4.5891184740e-07
-1.1237830320e+01 0.0000000000e+00 6.7321777344e-08 3.0700683594e-07 3.8555908203e-07 3.0566406250e-07
-1.1009735740e+01 0.0000000000e+00 6.7321777344e-08 3.0700683594e-07 3.8555908203e-07 3.0566406250e-07
-1.0781641170e+01 0.0000000000e+00 6.7321777344e-08 3.0700683594e-07 3.8555908203e-07 3.0566406250e-07
-1.0553546590e+01 0.0000000000e+00 6.7321777344e-08 3.0700683594e-07 3.8555908203e-07 3.0566406250e-07
-1.0325452020e+01 9.0458894280e-09 7.6367666772e-08 3.1605272537e-07 3.9460497146e-07 3.1470995193e-07
-1.0097357440e+01 0.0000000000e+00 6.7321777344e-08 3.0700683594e-07 3.8555908203e-07 3.0566406250e-07
-9.8692628650e+00 0.0000000000e+00 6.7321777344e-08 3.0700683594e-07 3.8555908203e-07 3.0566406250e-07
-9.6411682890e+00 0.0000000000e+00 6.7321777344e-08 3.0700683594e-07 3.8555908203e-07 3.0566406250e-07
-9.4130737130e+00 0.0000000000e+00 6.7321777344e-08 3.0700683594e-07 3.8555908203e-07 3.0566406250e-07
-9.1849791380e+00 0.0000000000e+00 6.7321777344e-08 3.0700683594e-07 3.8555908203e-07 3.0566406250e-07
-8.9568845620e+00 1.3216483120e-07 1.9948660854e-07 4.3917166714e-07 5.1772391323e-07 4.3782889370e-07
-8.7287899860e+00 0.0000000000e+00 6.7321777344e-08 3.0700683594e-07 3.8555908203e-07 3.0566406250e-07
-8.5006954100e+00 0.0000000000e+00 6.7321777344e-08 3.0700683594e-07 3.8555908203e-07 3.0566406250e-07
-8.2726008350e+00 0.0000000000e+00 6.7321777344e-08 3.0700683594e-07 3.8555908203e-07 3.0566406250e-07
-8.0445062590e+00 0.0000000000e+00 6.7321777344e-08 3.0700683594e-07 3.8555908203e-07 3.0566406250e-07
-7.8164116830e+00 9.9913369010e-08 1.6723514635e-07 4.0692020495e-07 4.8547245104e-07 4.0557743151e-07
-7.5883171070e+00 0.0000000000e+00 6.7321777344e-08 3.0700683594e-07 3.8555908203e-07 3.0566406250e-07
-7.3602225310e+00 0.0000000000e+00 6.7321777344e-08 3.0700683594e-07 3.8555908203e-07 3.0566406250e-07
-7.1321279550e+00 0.0000000000e+00 6.7321777344e-08 3.0700683594e-07 3.8555908203e-07 3.0566406250e-07
-6.9040333800e+00 0.0000000000e+00 6.7321777344e-08 3.0700683594e-07 3.8555908203e-07 3.0566406250e-07
-6.6759388040e+00 0.0000000000e+00 6.7321777344e-08 3.0700683594e-07 3.8555908203e-07 3.0566406250e-07
-6.4478442280e+00 2.5352031740e-08 9.2673809084e-08 3.3235886768e-07 4.1091111377e-07 3.3101609424e-07
-6.2197496520e+00 0.0000000000e+00 6.7321777344e-08 3.0700683594e-07 3.8555908203e-07 3.0566406250e-07
-5.9916550760e+00 0.0000000000e+00 6.7321777344e-08 3.0700683594e-07 3.8555908203e-07 3.0566406250e-07
-5.7635605010e+00 0.0000000000e+00 6.7321777344e-08 3.0700683594e-07 3.8555908203e-07 3.0566406250e-07
-5.5354659250e+00 0.0000000000e+00 6.7321777344e-08 3.0700683594e-07 3.8555908203e-07 3.0566406250e-07
-5.3073713490e+00 1.5057050630e-07 2.1789228364e-07 4.5757734224e-07 5.3612958833e-07 4.5623456880e-07
-5.0792767730e+00 0.0000000000e+00 6.7321777344e-08 3.0700683594e-07 3.8555908203e-07 3.0566406250e-07
-4.8511821980e+00 0.0000000000e+00 6.7321777344e-08 3.0700683594e-07 3.8555908203e-07 3.0566406250e-07
-4.6230876220e+00 0.0000000000e+00 6.7321777344e-08 3.0700683594e-07 3.8555908203e-07 3.0566406250e-07
-4.3949930460e+00 0.0000000000e+00 6.7321777344e-08 3.0700683594e-07 3.8555908203e-07 3.0566406250e-07
-4.1668984700e+00 1.0325972190e-07 1.7058149924e-07 4.1026655784e-07 4.8881880393e-07 4.0892378440e-07
-3.9388038940e+00 0.0000000000e+00 6.7321777344e-08 3.0700683594e-07 3.8555908203e-07 3.0566406250e-07
-3.7107093190e+00 0.0000000000e+00 6.7321777344e-08 3.0700683594e-07 3.8555908203e-07 3.0566406250e-07
-3.4826147430e+00 0.0000000000e+00 6.7321777344e-08 3.0700683594e-07 3.8555908203e-07 3.0566406250e-07
-3.2545201670e+00 0.0000000000e+00 6.7321777344e-08 3.0700683594e-07 3.8555908203e-07 3.0566406250e-07
-3.0264255910e+00 4.4647019750e-09 7.1786479319e-08 3.1147153791e-07 3.9002378401e-07 3.1012876448e-07
-2.7983310150e+00 0.0000000000e+00 6.7321777344e-08 3.0700683594e-07 3.8555908203e-07 3.0566406250e-07
-2.5702364390e+00 0.0000000000e+00 6.7321777344e-08 3.0700683594e-07 3.8555908203e-07 3.0566406250e-07
-2.3421418640e+00 0.0000000000e+00 6.7321777344e-08 3.0700683594e-07 3.8555908203e-07 3.0566406250e-07
-2.1140472880e+00 0.0000000000e+00 6.7321777344e-08 3.0700683594e-07 3.8555908203e-07 3.0566406250e-07
-1.8859527120e+00 0.0000000000e+00 6.7321777344e-08 3.0700683594e-07 3.8555908203e-07 3.0566406250e-07
-1.6578581360e+00 3.0040569330e-08 9.7362346674e-08 3.3704740527e-07 4.1559965136e-07 3.3570463183e-07
-1.4297635610e+00 0.0000000000e+00 6.7321777344e-08 3.0700683594e-07 3.8555908203e-07 3.0566406250e-07
-1.2016689850e+00 0.0000000000e+00 6.7321777344e-08 3.0700683594e-07 3.8555908203e-07 3.0566406250e-07
-9.7357440890e-01 0.0000000000e+00 6.7321777344e-08 3.0700683594e-07 3.8555908203e-07 3.0566406250e-07
-7.4547983310e-01 0.0000000000e+00 6.7321777344e-08 3.0700683594e-07 3.8555908203e-07 3.0566406250e-07
-5.1738525730e-01 6.8447714490e-08 1.3576949183e-07 3.7545455043e-07 4.5400679652e-07 3.7411177699e-07
-2.8929068150e-01 0.0000000000e+00 6.7321777344e-08 3.0700683594e-07 3.8555908203e-07 3.0566406250e-07
-6.1196105700e-02 0.0000000000e+00 6.7321777344e-08 3.0700683594e-07 3.8555908203e-07 3.0566406250e-07
1.6689847010e-01 0.0000000000e+00 6.7321777344e-08 3.0700683594e-07 3.8555908203e-07 3.0566406250e-07
3.9499304590e-01 0.0000000000e+00 6.7321777344e-08 3.0700683594e-07 3.8555908203e-07 3.0566406250e-07
6.2308762170e-01 6.9823328190e-08 1.3714510553e-07 3.7683016413e-07 4.5538241022e-07 3.7548739069e-07
8.5118219750e-01 0.0000000000e+00 6.7321777344e-08 3.0700683594e-07 3.8555908203e-07 3.0566406250e-07
1.0792767730e+00 0.0000000000e+00 6.7321777344e-08 3.0700683594e-07 3.8555908203e-07 3.0566406250e-07
1.3073713490e+00 0.0000000000e+00 6.7321777344e-08 3.0700683594e-07 3.8555908203e-07 3.0566406250e-07
1.5354659250e+00 0.0000000000e+00 6.7321777344e-08 3.0700683594e-07 3.8555908203e-07 3.0566406250e-07
1.7635605010e+00 2.9757992730e-08 9.7079770074e-08 3.3676482867e-07 4.1531707476e-07 3.3542205523e-07
1.9916550770e+00 0.0000000000e+00 6.7321777344e-08 3.0700683594e-07 3.8555908203e-07 3.0566406250e-07
2.2197496520e+00 0.0000000000e+00 6.7321777344e-08 3.0700683594e-07 3.8555908203e-07 3.0566406250e-07
2.4478442280e+00 0.0000000000e+00 6.7321777344e-08 3.0700683594e-07 3.8555908203e-07 3.0566406250e-07
2.6759388040e+00 0.0000000000e+00 6.7321777344e-08 3.0700683594e-07 3.8555908203e-07 3.0566406250e-07
2.9040333800e+00 0.0000000000e+00 6.7321777344e-08 3.0700683594e-07 3.8555908203e-07 3.0566406250e-07
3.1321279560e+00 0.0000000000e+00 6.7321777344e-08 3.0700683594e-07 3.8555908203e-07 3.0566406250e-07
3.3602225310e+00 0.0000000000e+00 6.7321777344e-08 3.0700683594e-07 3.8555908203e-07 3.0566406250e-07
3.5883171070e+00 0.0000000000e+00 6.7321777344e-08 3.0700683594e-07 3.8555908203e-07 3.0566406250e-07
3.8164116830e+00 1.6243907830e-08 8.3565685174e-08 3.2325074377e-07 4.0180298986e-07 3.2190797033e-07
4.0445062590e+00 0.0000000000e+00 6.7321777344e-08 3.0700683594e-07 3.8555908203e-07 3.0566406250e-07
4.2726008350e+00 0.0000000000e+00 6.7321777344e-08 3.0700683594e-07 3.8555908203e-07 3.0566406250e-07
4.5006954100e+00 0.0000000000e+00 6.7321777344e-08 3.0700683594e-07 3.8555908203e-07 3.0566406250e-07
4.7287899860e+00 0.0000000000e+00 6.7321777344e-08 3.0700683594e-07 3.8555908203e-07 3.0566406250e-07
4.9568845620e+00 1.5268016220e-07 2.2000193954e-07 4.5968699814e-07 5.3823924423e-07 4.5834422470e-07
5.1849791380e+00 0.0000000000e+00 6.7321777344e-08 3.0700683594e-07 3.8555908203e-07 3.0566406250e-07
5.4130737140e+00 0.0000000000e+00 6.7321777344e-08 3.0700683594e-07 3.8555908203e-07 3.0566406250e-07
5.6411682890e+00 0.0000000000e+00 6.7321777344e-08 3.0700683594e-07 3.8555908203e-07 3.0566406250e-07
5.8692628650e+00 0.0000000000e+00 6.7321777344e-08 3.0700683594e-07 3.8555908203e-07 3.0566406250e-07
6.0973574410e+00 1.4116308420e-07 2.0848486154e-07 4.4816992014e-07 5.2672216623e-07 4.4682714670e-07
6.3254520170e+00 0.0000000000e+00 6.7321777344e-08 3.0700683594e-07 3.8555908203e-07 3.0566406250e-07
6.5535465930e+00 0.0000000000e+00 6.7321777344e-08 3.0700683594e-07 3.8555908203e-07 3.0566406250e-07
6.7816411680e+00 0.0000000000e+00 6.7321777344e-08 3.0700683594e-07 3.8555908203e-07 3.0566406250e-07
7.0097357440e+00 0.0000000000e+00 6.7321777344e-08 3.0700683594e-07 3.8555908203e-07 3.0566406250e-07
7.2378303200e+00 6.0578861020e-09 7.3379663446e-08 3.1306472204e-07 3.9161696813e-07 3.1172194860e-07
7.4659248960e+00 0.0000000000e+00 6.7321777344e-08 3.0700683594e-07 3.8555908203e-07 3.0566406250e-07
7.6940194710e+00 0.0000000000e+00 6.7321777344e-08 3.0700683594e-07 3.8555908203e-07 3.0566406250e-07
7.9221140470e+00 0.0000000000e+00 6.7321777344e-08 3.0700683594e-07 3.8555908203e-07 3.0566406250e-07
8.1502086230e+00 0.0000000000e+00 6.7321777344e-08 3.0700683594e-07 3.8555908203e-07 3.0566406250e-07
8.3783031990e+00 0.0000000000e+00 6.7321777344e-08 3.0700683594e-07 3.8555908203e-07 3.0566406250e-07
8.6063977750e+00 0.0000000000e+00 6.7321777344e-08 3.0700683594e-07 3.8555908203e-07 3.0566406250e-07
8.8344923500e+00 0.0000000000e+00 6.7321777344e-08 3.0700683594e-07 3.8555908203e-07 3.0566406250e-07
9.0625869260e+00 0.0000000000e+00 6.7321777344e-08 3.0700683594e-07 3.8555908203e-07 3.0566406250e-07
9.2906815020e+00 2.9750001150e-08 9.7071778494e-08 3.3675683709e-07 4.1530908318e-07 3.3541406365e-07
9.5187760780e+00 0.0000000000e+00 6.7321777344e-08 3.0700683594e-07 3.8555908203e-07 3.0566406250e-07
9.7468706540e+00 0.0000000000e+00 6.7321777344e-08 3.0700683594e-07 3.8555908203e-07 3.0566406250e-07
9.9749652300e+00 0.0000000000e+00 6.7321777344e-08 3.0700683594e-07 3.8555908203e-07 3.0566406250e-07
1.0203059810e+01 0.0000000000e+00 6.7321777344e-08 3.0700683594e-07 3.8555908203e-07 3.0566406250e-07
1.0431154380e+01 5.4681804840e-08 1.2200358218e-07 3.6168864078e-07 4.4024088687e-07 3.6034586734e-07
1.0659248960e+01 0.0000000000e+00 6.7321777344e-08 3.0700683594e-07 3.8555908203e-07 3.0566406250e-07
1.0887343530e+01 0.0000000000e+00 6.7321777344e-08 3.0700683594e-07 3.8555908203e-07 3.0566406250e-07
1.1115438110e+01 0.0000000000e+00 6.7321777344e-08 3.0700683594e-07 3.8555908203e-07 3.0566406250e-07
1.1343532680e+01 0.0000000000e+00 6.7321777344e-08 3.0700683594e-07 3.8555908203e-07 3.0566406250e-07
1.1571627260e+01 2.5368957550e-08 9.2690734894e-08 3.3237579349e-07 4.1092803958e-07 3.3103302005e-07
1.1799721840e+01 0.0000000000e+00 6.7321777344e-08 3.0700683594e-07 3.8555908203e-07 3.0566406250e-07
1.2027816410e+01 0.0000000000e+00 6.7321777344e-08 3.0700683594e-07 3.8555908203e-07 3.0566406250e-07
1.2255910990e+01 0.0000000000e+00 6.7321777344e-08 3.0700683594e-07 3.8555908203e-07 3.0566406250e-07
1.2484005560e+01 0.0000000000e+00 6.7321777344e-08 3.0700683594e-07 3.8555908203e-07 3.0566406250e-07
1.2712100140e+01 0.0000000000e+00 6.7321777344e-08 3.0700683594e-07 3.8555908203e-07 3.0566406250e-07
1.2940194720e+01 1.1563424670e-08 7.8885202014e-08 3.1857026061e-07 3.9712250670e-07 3.1722748717e-07
1.3168289290e+01 0.0000000000e+00 6.7321777344e-08 3.0700683594e-07 3.8555908203e-07 3.0566406250e-07
1.3396383870e+01 0.0000000000e+00 6.7321777344e-08 3.0700683594e-07 3.8555908203e-07 3.0566406250e-07
1.3624478440e+01 0.0000000000e+00 6.7321777344e-08 3.0700683594e-07 3.8555908203e-07 3.0566406250e-07
1.3852573020e+01 0.0000000000e+00 6.7321777344e-08 3.0700683594e-07 3.8555908203e-07 3.0566406250e-07
1.4080667590e+01 1.5852660540e-07 2.2584838274e-07 4.6553344134e-07 5.4408568743e-07 4.6419066790e-07
1.4308762170e+01 0.0000000000e+00 6.7321777344e-08 3.0700683594e-07 3.8555908203e-07 3.0566406250e-07
1.4536856740e+01 0.0000000000e+00 6.7321777344e-08 3.0700683594e-07 3.8555908203e-07 3.0566406250e-07
1.4764951320e+01 0.0000000000e+00 6.7321777344e-08 3.0700683594e-07 3.8555908203e-07 3.0566406250e-07
1.4993045900e+01 0.0000000000e+00 6.7321777344e-08 3.0700683594e-07 3.8555908203e-07 3.0566406250e-07
1.5221140470e+01 2.1403293970e-08 8.8725071314e-08 3.2841012991e-07 4.0696237600e-07 3.2706735647e-07
1.5449235050e+01 0.0000000000e+00 6.7321777344e-08 3.0700683594e-07 3.8555908203e-07 3.0566406250e-07
1.5677329620e+01 0.0000000000e+00 6.7321777344e-08 3.0700683594e-07 3.8555908203e-07 3.0566406250e-07
1.5905424200e+01 0.0000000000e+00 6.7321777344e-08 3.0700683594e-07 3.8555908203e-07 3.0566406250e-07
1.6133518780e+01 0.0000000000e+00 6.7321777344e-08 3.0700683594e-07 3.8555908203e-07 3.0566406250e-07
1.6361613350e+01 0.0000000000e+00 6.7321777344e-08 3.0700683594e-07 3.8555908203e-07 3.0566406250e-07
1.6589707930e+01 1.5589277100e-07 2.2321454834e-07 4.6289960694e-07 5.4145185303e-07 4.6155683350e-07
1.6817802500e+01 0.0000000000e+00 6.7321777344e-08 3.0700683594e-07 3.8555908203e-07 3.0566406250e-07
1.7045897080e+01 0.0000000000e+00 6.7321777344e-08 3.0700683594e-07 3.8555908203e-07 3.0566406250e-07
1.7273991650e+01 0.0000000000e+00 6.7321777344e-08 3.0700683594e-07 3.8555908203e-07 3.0566406250e-07
1.7502086230e+01 0.0000000000e+00 6.7321777344e-08 3.0700683594e-07 3.8555908203e-07 3.0566406250e-07
1.7730180810e+01 0.0000000000e+00 6.7321777344e-08 3.0700683594e-07 3.8555908203e-07 3.0566406250e-07
1.7958275380e+01 9.8558042810e-08 1.6587982015e-07 4.0556487875e-07 4.8411712484e-07 4.0422210531e-07
1.8186369960e+01 0.0000000000e+00 6.7321777344e-08 3.0700683594e-07 3.8555908203e-07 3.0566406250e-07
1.8414464530e+01 0.0000000000e+00 6.7321777344e-08 3.0700683594e-07 3.8555908203e-07 3.0566406250e-07
1.8642559110e+01 0.0000000000e+00 6.7321777344e-08 3.0700683594e-07 3.8555908203e-07 3.0566406250e-07
1.8870653690e+01 0.0000000000e+00 6.7321777344e-08 3.0700683594e-07 3.8555908203e-07 3.0566406250e-07
1.9098748260e+01 8.9281168510e-09 7.6249894195e-08 3.1593495279e-07 3.9448719888e-07 3.1459217935e-07
1.9326842840e+01 0.0000000000e+00 6.7321777344e-08 3.0700683594e-07 3.8555908203e-07 3.0566406250e-07
1.9554937410e+01 0.0000000000e+00 6.7321777344e-08 3.0700683594e-07 3.8555908203e-07 3.0566406250e-07
1.9783031990e+01 0.0000000000e+00 6.7321777344e-08 3.0700683594e-07 3.8555908203e-07 3.0566406250e-07
2.0011126570e+01 0.0000000000e+00 6.7321777344e-08 3.0700683594e-07 3.8555908203e-07 3.0566406250e-07
2.0239221140e+01 0.0000000000e+00 6.7321777344e-08 3.0700683594e-07 3.8555908203e-07 3.0566406250e-07
2.0467315720e+01 1.2971550550e-07 1.9703728284e-07 4.3672234144e-07 5.1527458753e-07 4.3537956800e-07
2.0695410290e+01 0.0000000000e+00 6.7321777344e-08 3.0700683594e-07 3.8555908203e-07 3.0566406250e-07
2.0923504870e+01 0.0000000000e+00 6.7321777344e-08 3.0700683594e-07 3.8555908203e-07 3.0566406250e-07
2.1151599440e+01 0.0000000000e+00 6.7321777344e-08 3.0700683594e-07 3.8555908203e-07 3.0566406250e-07
2.1379694020e+01 0.0000000000e+00 6.7321777344e-08 3.0700683594e-07 3.8555908203e-07 3.0566406250e-07
2.1607788590e+01 0.0000000000e+00 6.7321777344e-08 3.0700683594e-07 3.8555908203e-07 3.0566406250e-07
2.1835883170e+01 0.0000000000e+00 6.7321777344e-08 3.0700683594e-07 3.8555908203e-07 3.0566406250e-07
2.2063977750e+01 0.0000000000e+00 6.7321777344e-08 3.0700683594e-07 3.8555908203e-07 3.0566406250e-07
2.2292072320e+01 0.0000000000e+00 6.7321777344e-08 3.0700683594e-07 3.8555908203e-07 3.0566406250e-07
2.2520166900e+01 0.0000000000e+00 6.7321777344e-08 3.0700683594e-07 3.8555908203e-07 3.0566406250e-07
2.2748261470e+01 0.0000000000e+00 6.7321777344e-08 3.0700683594e-07 3.8555908203e-07 3.0566406250e-07
2.2976356050e+01 0.0000000000e+00 6.7321777344e-08 3.0700683594e-07 3.8555908203e-07 3.0566406250e-07
2.3204450630e+01 0.0000000000e+00 6.7321777344e-08 3.0700683594e-07 3.8555908203e-07 3.0566406250e-07
2.3432545200e+01 0.0000000000e+00 6.7321777344e-08 3.0700683594e-07 3.8555908203e-07 3.0566406250e-07
2.3660639780e+01 0.0000000000e+00 6.7321777344e-08 3.0700683594e-07 3.8555908203e-07 3.0566406250e-07
2.3888734350e+01 0.0000000000e+00 6.7321777344e-08 3.0700683594e-07 3.8555908203e-07 3.0566406250e-07
2.4116828930e+01 0.0000000000e+00 6.7321777344e-08 3.0700683594e-07 3.8555908203e-07 3.0566406250e-07
2.4344923510e+01 0.0000000000e+00 6.7321777344e-08 3.0700683594e-07 3.8555908203e-07 3.0566406250e-07
2.4573018080e+01 0.0000000000e+00 6.7321777344e-08 3.0700683594e-07 3.8555908203e-07 3.0566406250e-07
2.4801112660e+01 0.0000000000e+00 6.7321777344e-08 3.0700683594e-07 3.8555908203e-07 3.0566406250e-07
2.5029207230e+01 0.0000000000e+00 6.7321777344e-08 3.0700683594e-07 3.8555908203e-07 3.0566406250e-07
2.5257301810e+01 0.0000000000e+00 6.7321777344e-08 3.0700683594e-07 3.8555908203e-07 3.0566406250e-07
2.5485396380e+01 0.0000000000e+00 6.7321777344e-08 3.0700683594e-07 3.8555908203e-07 3.0566406250e-07
2.5713490960e+01 0.0000000000e+00 6.7321777344e-08 3.0700683594e-07 3.8555908203e-07 3.0566406250e-07
2.5941585540e+01 0.0000000000e+00 6.7321777344e-08 3.0700683594e-07 3.8555908203e-07 3.0566406250e-07
2.6169680110e+01 0.0000000000e+00 6.7321777344e-08 3.0700683594e-07 3.8555908203e-07 3.0566406250e-07
2.6397774690e+01 0.0000000000e+00 6.7321777344e-08 3.0700683594e-07 3.8555908203e-07 3.0566406250e-07
2.6625869260e+01 0.0000000000e+00 6.7321777344e-08 3.0700683594e-07 3.8555908203e-07 3.0566406250e-07
2.6853963840e+01 0.0000000000e+00 6.7321777344e-08 3.0700683594e-07 3.8555908203e-07 3.0566406250e-07
2.7082058410e+01 0.0000000000e+00 6.7321777344e-08 3.0700683594e-07 3.8555908203e-07 3.0566406250e-07
2.7310152990e+01 0.0000000000e+00 6.7321777344e-08 3.0700683594e-07 3.8555908203e-07 3.0566406250e-07
2.7538247570e+01 0.0000000000e+00 6.7321777344e-08 3.0700683594e-07 3.8555908203e-07 3.0566406250e-07
2.7766342140e+01 0.0000000000e+00 6.7321777344e-08 3.0700683594e-07 3.8555908203e-07 3.0566406250e-07
2.7994436720e+01 0.0000000000e+00 6.7321777344e-08 3.0700683594e-07 3.8555908203e-07 3.0566406250e-07
2.8222531290e+01 0.0000000000e+00 6.7321777344e-08 3.0700683594e-07 3.8555908203e-07 3.0566406250e-07
2.8450625870e+01 0.0000000000e+00 6.7321777344e-08 3.0700683594e-07 3.8555908203e-07 3.0566406250e-07
2.8678720440e+01 0.0000000000e+00 6.7321777344e-08 3.0700683594e-07 3.8555908203e-07 3.0566406250e-07
2.8906815020e+01 0.0000000000e+00 6.7321777344e-08 3.0700683594e-07 3.8555908203e-07 3.0566406250e-07
2.9134909600e+01 0.0000000000e+00 6.7321777344e-08 3.0700683594e-07 3.8555908203e-07 3.0566406250e-07
2.9363004170e+01 0.0000000000e+00 6.7321777344e-08 3.0700683594e-07 3.8555908203e-07 3.0566406250e-07
2.9591098750e+01 0.0000000000e+00 6.7321777344e-08 3.0700683594e-07 3.8555908203e-07 3.0566406250e-07
2.9819193320e+01 0.0000000000e+00 6.7321777344e-08 3.0700683594e-07 3.8555908203e-07 3.0566406250e-07
3.0047287900e+01 0.0000000000e+00 6.7321777344e-08 3.0700683594e-07 3.8555908203e-07 3.0566406250e-07
3.0275382480e+01 0.0000000000e+00 6.7321777344e-08 3.0700683594e-07 3.8555908203e-07 3.0566406250e-07
3.0503477050e+01 0.0000000000e+00 6.7321777344e-08 3.0700683594e-07 3.8555908203e-07 3.0566406250e-07
3.0731571630e+01 0.0000000000e+00 6.7321777344e-08 3.0700683594e-07 3.8555908203e-07 3.0566406250e-07
3.0959666200e+01 0.0000000000e+00 6.7321777344e-08 3.0700683594e-07 3.8555908203e-07 3.0566406250e-07
3.1187760780e+01 0.0000000000e+00 6.7321777344e-08 3.0700683594e-07 3.8555908203e-07 3.0566406250e-07
3.1415855360e+01 0.0000000000e+00 6.7321777344e-08 3.0700683594e-07 3.8555908203e-07 3.0566406250e-07
3.1643949930e+01 0.0000000000e+00 6.7321777344e-08 3.0700683594e-07 3.8555908203e-07 3.0566406250e-07
3.1872044510e+01 0.0000000000e+00 6.7321777344e-08 3.0700683594e-07 3.8555908203e-07 3.0566406250e-07
3.2100139080e+01 0.0000000000e+00 6.7321777344e-08 3.0700683594e-07 3.8555908203e-07 3.0566406250e-07
3.2328233660e+01 0.0000000000e+00 6.7321777344e-08 3.0700683594e-07 3.8555908203e-07 3.0566406250e-07
3.2556328230e+01 0.0000000000e+00 6.7321777344e-08 3.0700683594e-07 3.8555908203e-07 3.0566406250e-07
3.2784422810e+01 0.0000000000e+00 6.7321777344e-08 3.0700683594e-07 3.8555908203e-07 3.0566406250e-07
3.3012517390e+01 0.0000000000e+00 6.7321777344e-08 3.0700683594e-07 3.8555908203e-07 3.0566406250e-07
3.3240611960e+01 0.0000000000e+00 6.7321777344e-08 3.0700683594e-07 3.8555908203e-07 3.0566406250e-07
3.3468706540e+01 0.0000000000e+00 6.7321777344e-08 3.0700683594e-07 3.8555908203e-07 3.0566406250e-07
3.3696801110e+01 0.0000000000e+00 6.7321777344e-08 3.0700683594e-07 3.8555908203e-07 3.0566406250e-07
3.3924895690e+01 0.0000000000e+00 6.7321777344e-08 3.0700683594e-07 3.8555908203e-07 3.0566406250e-07
3.4152990260e+01 0.0000000000e+00 6.7321777344e-08 3.0700683594e-07 3.8555908203e-07 3.0566406250e-07
3.4381084840e+01 0.0000000000e+00 6.7321777344e-08 3.0700683594e-07 3.8555908203e-07 3.0566406250e-07
3.4609179420e+01 0.0000000000e+00 6.7321777344e-08 3.0700683594e-07 3.8555908203e-07 3.0566406250e-07
3.4837273990e+01 0.0000000000e+00 6.7321777344e-08 3.0700683594e-07 3.8555908203e-07 3.0566406250e-07
3.5065368570e+01 0.0000000000e+00 6.7321777344e-08 3.0700683594e-07 3.8555908203e-07 3.0566406250e-07
3.5293463140e+01 0.0000000000e+00 6.7321777344e-08 3.0700683594e-07 3.8555908203e-07 3.0566406250e-07
3.5521557720e+01 0.0000000000e+00 6.7321777344e-08 3.0700683594e-07 3.8555908203e-07 3.0566406250e-07
3.5749652290e+01 0.0000000000e+00 6.7321777344e-08 3.0700683594e-07 3.8555908203e-07 3.0566406250e-07
3.5977746870e+01 0.0000000000e+00 6.7321777344e-08 3.0700683594e-07 3.8555908203e-07 3.0566406250e-07
3.6205841450e+01 0.0000000000e+00 6.7321777344e-08 3.0700683594e-07 3.8555908203e-07 3.0566406250e-07
3.6433936020e+01 0.0000000000e+00 6.7321777344e-08 3.0700683594e-07 3.8555908203e-07 3.0566406250e-07
3.6662030600e+01 0.0000000000e+00 6.7321777344e-08 3.0700683594e-07 3.8555908203e-07 3.0566406250e-07
3.6890125170e+01 0.0000000000e+00 6.7321777344e-08 3.0700683594e-07 3.8555908203e-07 3.0566406250e-07
3.7118219750e+01 0.0000000000e+00 6.7321777344e-08 3.0700683594e-07 3.8555908203e-07 3.0566406250e-07
3.7346314330e+01 0.0000000000e+00 6.7321777344e-08 3.0700683594e-07 3.8555908203e-07 3.0566406250e-07
3.7574408900e+01 0.0000000000e+00 6.7321777344e-08 3.0700683594e-07 3.8555908203e-07 3.0566406250e-07
3.7802503480e+01 0.0000000000e+00 6.7321777344e-08 3.0700683594e-07 3.8555908203e-07 3.0566406250e-07
3.8030598050e+01 0.0000000000e+00 6.7321777344e-08 3.0700683594e-07 3.8555908203e-07 3.0566406250e-07
3.8258692630e+01 0.0000000000e+00 6.7321777344e-08 3.0700683594e-07 3.8555908203e-07 3.0566406250e-07
3.8486787200e+01 0.0000000000e+00 6.7321777344e-08 3.0700683594e-07 3.8555908203e-07 3.0566406250e-07
3.8714881780e+01 0.0000000000e+00 6.7321777344e-08 3.0700683594e-07 3.8555908203e-07 3.0566406250e-07
3.8942976360e+01 0.0000000000e+00 6.7321777344e-08 3.0700683594e-07 3.8555908203e-07 3.0566406250e-07
3.9171070930e+01 0.0000000000e+00 6.7321777344e-08 3.0700683594e-07 3.8555908203e-07 3.0566406250e-07
3.9399165510e+01 0.0000000000e+00 6.7321777344e-08 3.0700683594e-07 3.8555908203e-07 3.0566406250e-07
3.9627260080e+01 0.0000000000e+00 6.7321777344e-08 3.0700683594e-07 3.8555908203e-07 3.0566406250e-07
3.9855354660e+01 0.0000000000e+00 6.7321777344e-08 3.0700683594e-07 3.8555908203e-07 3.0566406250e-07
4.0083449240e+01 0.0000000000e+00 6.7321777344e-08 3.0700683594e-07 3.8555908203e-07 3.0566406250e-07
4.0311543810e+01 0.0000000000e+00 6.7321777344e-08 3.0700683594e-07 3.8555908203e-07 3.0566406250e-07
4.0539638390e+01 0.0000000000e+00 6.7321777344e-08 3.0700683594e-07 3.8555908203e-07 3.0566406250e-07
4.0767732960e+01 0.0000000000e+00 6.7321777344e-08 3.0700683594e-07 3.8555908203e-07 3.0566406250e-07
4.0995827540e+01 0.0000000000e+00 6.7321777344e-08 3.0700683594e-07 3.8555908203e-07 3.0566406250e-07
4.1223922110e+01 0.0000000000e+00 6.7321777344e-08 3.0700683594e-07 3.8555908203e-07 3.0566406250e-07
4.1452016690e+01 0.0000000000e+00 6.7321777344e-08 3.0700683594e-07 3.8555908203e-07 3.0566406250e-07
4.1680111270e+01 0.0000000000e+00 6.7321777344e-08 3.0700683594e-07 3.8555908203e-07 3.0566406250e-07
4.1908205840e+01 0.0000000000e+00 6.7321777344e-08 3.0700683594e-07 3.8555908203e-07 3.0566406250e-07
4.2136300420e+01 0.0000000000e+00 6.7321777344e-08 3.0700683594e-07 3.8555908203e-07 3.0566406250e-07
4.2364394990e+01 0.0000000000e+00 6.7321777344e-08 3.0700683594e-07 3.8555908203e-07 3.0566406250e-07
4.2592489570e+01 0.0000000000e+00 6.7321777344e-08 3.0700683594e-07 3.8555908203e-07 3.0566406250e-07
4.2820584140e+01 0.0000000000e+00 6.7321777344e-08 3.0700683594e-07 3.8555908203e-07 3.0566406250e-07
4.3048678720e+01 0.0000000000e+00 6.7321777344e-08 3.0700683594e-07 3.8555908203e-07 3.0566406250e-07
4.3276773300e+01 0.0000000000e+00 6.7321777344e-08 3.0700683594e-07 3.8555908203e-07 3.0566406250e-07
4.3504867870e+01 0.0000000000e+00 6.7321777344e-08 3.0700683594e-07 3.8555908203e-07 3.0566406250e-07
4.3732962450e+01 0.0000000000e+00 6.7321777344e-08 3.0700683594e-07 3.8555908203e-07 3.0566406250e-07
4.3961057020e+01 0.0000000000e+00 6.7321777344e-08 3.0700683594e-07 3.8555908203e-07 3.0566406250e-07
4.4189151600e+01 0.0000000000e+00 6.7321777344e-08 3.0700683594e-07 3.8555908203e-07 3.0566406250e-07
4.4417246180e+01 0.0000000000e+00 6.7321777344e-08 3.0700683594e-07 3.8555908203e-07 3.0566406250e-07
4.4645340750e+01 0.0000000000e+00 6.7321777344e-08 3.0700683594e-07 3.8555908203e-07 3.0566406250e-07
4.4873435330e+01 0.0000000000e+00 6.7321777344e-08 3.0700683594e-07 3.8555908203e-07 3.0566406250e-07
4.5101529900e+01 0.0000000000e+00 6.7321777344e-08 3.0700683594e-07 3.8555908203e-07 3.0566406250e-07
4.5329624480e+01 0.0000000000e+00 6.7321777344e-08 3.0700683594e-07 3.8555908203e-07 3.0566406250e-07
4.5557719050e+01 0.0000000000e+00 6.7321777344e-08 3.0700683594e-07 3.8555908203e-07 3.0566406250e-07
4.5785813630e+01 0.0000000000e+00 6.7321777344e-08 3.0700683594e-07 3.8555908203e-07 3.0566406250e-07
4.6013908210e+01 4.2264806020e-08 1.0958658336e-07 3.4927164196e-07 4.2782388805e-07 3.4792886852e-07
4.6242002780e+01 0.0000000000e+00 6.7321777344e-08 3.0700683594e-07 3.8555908203e-07 3.0566406250e-07
4.6470097360e+01 0.0000000000e+00 6.7321777344e-08 3.0700683594e-07 3.8555908203e-07 3.0566406250e-07
4.6698191930e+01 0.0000000000e+00 6.7321777344e-08 3.0700683594e-07 3.8555908203e-07 3.0566406250e-07
4.6926286510e+01 0.0000000000e+00 6.7321777344e-08 3.0700683594e-07 3.8555908203e-07 3.0566406250e-07
4.7154381080e+01 1.8574655190e-08 8.5896432534e-08 3.2558149113e-07 4.0413373722e-07 3.2423871769e-07
4.7382475660e+01 0.0000000000e+00 6.7321777344e-08 3.0700683594e-07 3.8555908203e-07 3.0566406250e-07
4.7610570240e+01 7.1258515480e-08 1.3858029282e-07 3.7826535142e-07 4.5681759751e-07 3.7692257798e-07
4.7838664810e+01 0.0000000000e+00 6.7321777344e-08 3.0700683594e-07 3.8555908203e-07 3.0566406250e-07
4.8066759390e+01 7.2000756280e-08 1.3932253362e-07 3.7900759222e-07 4.5755983831e-07 3.7766481878e-07
4.8294853960e+01 0.0000000000e+00 6.7321777344e-08 3.0700683594e-07 3.8555908203e-07 3.0566406250e-07
4.8522948540e+01 0.0000000000e+00 6.7321777344e-08 3.0700683594e-07 3.8555908203e-07 3.0566406250e-07
4.8751043120e+01 0.0000000000e+00 6.7321777344e-08 3.0700683594e-07 3.8555908203e-07 3.0566406250e-07
4.8979137690e+01 0.0000000000e+00 6.7321777344e-08 3.0700683594e-07 3.8555908203e-07 3.0566406250e-07
4.9207232270e+01 0.0000000000e+00 6.7321777344e-08 3.0700683594e-07 3.8555908203e-07 3.0566406250e-07
4.9435326840e+01 0.0000000000e+00 6.7321777344e-08 3.0700683594e-07 3.8555908203e-07 3.0566406250e-07
4.9663421420e+01 7.5676206860e-08 1.4299798420e-07 3.8268304280e-07 4.6123528889e-07 3.8134026936e-07
4.9891515990e+01 0.0000000000e+00 6.7321777344e-08 3.0700683594e-07 3.8555908203e-07 3.0566406250e-07
5.0119610570e+01 1.9418735950e-08 8.6740513294e-08 3.2642557189e-07 4.0497781798e-07 3.2508279845e-07
5.0347705150e+01 0.0000000000e+00 6.7321777344e-08 3.0700683594e-07 3.8555908203e-07 3.0566406250e-07
5.0575799720e+01 0.0000000000e+00 6.7321777344e-08 3.0700683594e-07 3.8555908203e-07 3.0566406250e-07
5.0803894300e+01 4.3725692670e-08 1.1104747001e-07 3.5073252861e-07 4.2928477470e-07 3.4938975517e-07
5.1031988870e+01 0.0000000000e+00 6.7321777344e-08 3.0700683594e-07 3.8555908203e-07 3.0566406250e-07
5.1260083450e+01 1.2669957100e-08 7.9991734444e-08 3.1967679304e-07 3.9822903913e-07 3.1833401960e-07
5.1488178030e+01 0.0000000000e+00 6.7321777344e-08 3.0700683594e-07 3.8555908203e-07 3.0566406250e-07
5.1716272600e+01 0.0000000000e+00 6.7321777344e-08 3.0700683594e-07 3.8555908203e-07 3.0566406250e-07
5.1944367180e+01 8.4214234030e-08 1.5153601137e-07 3.9122106997e-07 4.6977331606e-07 3.8987829653e-07
5.2172461750e+01 0.0000000000e+00 6.7321777344e-08 3.0700683594e-07 3.8555908203e-07 3.0566406250e-07
5.2400556330e+01 0.0000000000e+00 6.7321777344e-08 3.0700683594e-07 3.8555908203e-07 3.0566406250e-07
5.2628650900e+01 8.7656827350e-08 1.5497860469e-07 3.9466366329e-07 4.7321590938e-07 3.9332088985e-07
5.2856745480e+01 0.0000000000e+00 6.7321777344e-08 3.0700683594e-07 3.8555908203e-07 3.0566406250e-07
5.3084840060e+01 0.0000000000e+00 6.7321777344e-08 3.0700683594e-07 3.8555908203e-07 3.0566406250e-07
5.3312934630e+01 7.2042360530e-08 1.3936413787e-07 3.7904919647e-07 4.5760144256e-07 3.7770642303e-07
5.3541029210e+01 0.0000000000e+00 6.7321777344e-08 3.0700683594e-07 3.8555908203e-07 3.0566406250e-07
5.3769123780e+01 0.0000000000e+00 6.7321777344e-08 3.0700683594e-07 3.8555908203e-07 3.0566406250e-07
5.3997218360e+01 0.0000000000e+00 6.7321777344e-08 3.0700683594e-07 3.8555908203e-07 3.0566406250e-07
5.4225312930e+01 9.7579848320e-08 1.6490162566e-07 4.0458668426e-07 4.8313893035e-07 4.0324391082e-07
5.4453407510e+01 0.0000000000e+00 6.7321777344e-08 3.0700683594e-07 3.8555908203e-07 3.0566406250e-07
5.4681502090e+01 0.0000000000e+00 6.7321777344e-08 3.0700683594e-07 3.8555908203e-07 3.0566406250e-07
5.4909596660e+01 0.0000000000e+00 6.7321777344e-08 3.0700683594e-07 3.8555908203e-07 3.0566406250e-07
5.5137691240e+01 7.4790085170e-08 1.4211186251e-07 3.8179692111e-07 4.6034916720e-07 3.8045414767e-07
5.5365785810e+01 0.0000000000e+00 6.7321777344e-08 3.0700683594e-07 3.8555908203e-07 3.0566406250e-07
5.5593880390e+01 0.0000000000e+00 6.7321777344e-08 3.0700683594e-07 3.8555908203e-07 3.0566406250e-07
5.5821974970e+01 0.0000000000e+00 6.7321777344e-08 3.0700683594e-07 3.8555908203e-07 3.0566406250e-07
5.6050069540e+01 0.0000000000e+00 6.7321777344e-08 3.0700683594e-07 3.8555908203e-07 3.0566406250e-07
5.6278164120e+01 0.0000000000e+00 6.7321777344e-08 3.0700683594e-07 3.8555908203e-07 3.0566406250e-07
5.6506258690e+01 1.1725624540e-07 1.8457802274e-07 4.2426308134e-07 5.0281532743e-07 4.2292030790e-07
5.6734353270e+01 0.0000000000e+00 6.7321777344e-08 3.0700683594e-07 3.8555908203e-07 3.0566406250e-07
5.6962447840e+01 0.0000000000e+00 6.7321777344e-08 3.0700683594e-07 3.8555908203e-07 3.0566406250e-07
5.7190542420e+01 0.0000000000e+00 6.7321777344e-08 3.0700683594e-07 3.8555908203e-07 3.0566406250e-07
5.7418637000e+01 0.0000000000e+00 6.7321777344e-08 3.0700683594e-07 3.8555908203e-07 3.0566406250e-07
5.7646731570e+01 0.0000000000e+00 6.7321777344e-08 3.0700683594e-07 3.8555908203e-07 3.0566406250e-07
5.7874826150e+01 0.0000000000e+00 6.7321777344e-08 3.0700683594e-07 3.8555908203e-07 3.0566406250e-07
5.8102920720e+01 0.0000000000e+00 6.7321777344e-08 3.0700683594e-07 3.8555908203e-07 3.0566406250e-07
5.8331015300e+01 0.0000000000e+00 6.7321777344e-08 3.0700683594e-07 3.8555908203e-07 3.0566406250e-07
5.8559109870e+01 0.0000000000e+00 6.7321777344e-08 3.0700683594e-07 3.8555908203e-07 3.0566406250e-07
5.8787204450e+01 0.0000000000e+00 6.7321777344e-08 3.0700683594e-07 3.8555908203e-07 3.0566406250e-07
5.9015299030e+01 2.3523415550e-08 9.0845192894e-08 3.3053025149e-07 4.0908249758e-07 3.2918747805e-07
5.9243393600e+01 9.2921230760e-08 1.6024300810e-07 3.9992806670e-07 4.7848031279e-07 3.9858529326e-07
5.9471488180e+01 1.4236401140e-07 2.0968578874e-07 4.4937084734e-07 5.2792309343e-07 4.4802807390e-07
5.9699582750e+01 1.5715571470e-07 2.2447749204e-07 4.6416255064e-07 5.4271479673e-07 4.6281977720e-07
5.9927677330e+01 1.6041803890e-07 2.2773981624e-07 4.6742487484e-07 5.4597712093e-07 4.6608210140e-07
6.0155771910e+01 1.6098984400e-07 2.2831162134e-07 4.6799667994e-07 5.4654892603e-07 4.6665390650e-07
6.0383866480e+01 1.6579153860e-07 2.3311331594e-07 4.7279837454e-07 5.5135062063e-07 4.7145560110e-07
6.0611961060e+01 1.7021509190e-07 2.3753686924e-07 4.7722192784e-07 5.5577417393e-07 4.7587915440e-07
6.0840055630e+01 1.6522181120e-07 2.3254358854e-07 4.7222864714e-07 5.5078089323e-07 4.7088587370e-07
6.1068150210e+01 1.2721085110e-07 1.9453262844e-07 4.3421768704e-07 5.1276993313e-07 4.3287491360e-07
6.1296244780e+01 6.3149173530e-08 1.3047095087e-07 3.7015600947e-07 4.4870825556e-07 3.6881323603e-07
6.1524339360e+01 1.8965864990e-09 6.9218363843e-08 3.0890342244e-07 3.8745566853e-07 3.0756064900e-07
6.1752433940e+01 0.0000000000e+00 6.7321777344e-08 3.0700683594e-07 3.8555908203e-07 3.0566406250e-07
6.1980528510e+01 0.0000000000e+00 6.7321777344e-08 3.0700683594e-07 3.8555908203e-07 3.0566406250e-07
6.2208623090e+01 0.0000000000e+00 6.7321777344e-08 3.0700683594e-07 3.8555908203e-07 3.0566406250e-07
6.2436717660e+01 0.0000000000e+00 6.7321777344e-08 3.0700683594e-07 3.8555908203e-07 3.0566406250e-07
6.2664812240e+01 0.0000000000e+00 6.7321777344e-08 3.0700683594e-07 3.8555908203e-07 3.0566406250e-07
6.2892906820e+01 0.0000000000e+00 6.7321777344e-08 3.0700683594e-07 3.8555908203e-07 3.0566406250e-07
6.3121001390e+01 0.0000000000e+00 6.7321777344e-08 3.0700683594e-07 3.8555908203e-07 3.0566406250e-07
6.3349095970e+01 0.0000000000e+00 6.7321777344e-08 3.0700683594e-07 3.8555908203e-07 3.0566406250e-07
6.3577190540e+01 0.0000000000e+00 6.7321777344e-08 3.0700683594e-07 3.8555908203e-07 3.0566406250e-07
6.3805285120e+01 0.0000000000e+00 6.7321777344e-08 3.0700683594e-07 3.8555908203e-07 3.0566406250e-07
6.4033379690e+01 0.0000000000e+00 6.7321777344e-08 3.0700683594e-07 3.8555908203e-07 3.0566406250e-07
6.4261474270e+01 0.0000000000e+00 6.7321777344e-08 3.0700683594e-07 3.8555908203e-07 3.0566406250e-07
6.4489568850e+01 0.0000000000e+00 6.7321777344e-08 3.0700683594e-07 3.8555908203e-07 3.0566406250e-07
6.4717663420e+01 0.0000000000e+00 6.7321777344e-08 3.0700683594e-07 3.8555908203e-07 3.0566406250e-07
6.4945758000e+01 0.0000000000e+00 6.7321777344e-08 3.0700683594e-07 3.8555908203e-07 3.0566406250e-07
6.5173852570e+01 0.0000000000e+00 6.7321777344e-08 3.0700683594e-07 3.8555908203e-07 3.0566406250e-07
6.5401947150e+01 0.0000000000e+00 6.7321777344e-08 3.0700683594e-07 3.8555908203e-07 3.0566406250e-07
6.5630041720e+01 9.9501700330e-08 1.6682347767e-07 4.0650853627e-07 4.8506078236e-07 4.0516576283e-07
6.5858136300e+01 1.8594580530e-07 2.5326758264e-07 4.9295264124e-07 5.7150488733e-07 4.9160986780e-07
6.6086230880e+01 5.6359438930e-08 1.2368121627e-07 3.6336627487e-07 4.4191852096e-07 3.6202350143e-07
6.6314325450e+01 0.0000000000e+00 6.7321777344e-08 3.0700683594e-07 3.8555908203e-07 3.0566406250e-07
6.6542420030e+01 0.0000000000e+00 6.7321777344e-08 3.0700683594e-07 3.8555908203e-07 3.0566406250e-07
6.6770514600e+01 0.0000000000e+00 6.7321777344e-08 3.0700683594e-07 3.8555908203e-07 3.0566406250e-07
6.6998609180e+01 0.0000000000e+00 6.7321777344e-08 3.0700683594e-07 3.8555908203e-07 3.0566406250e-07
6.7226703760e+01 0.0000000000e+00 6.7321777344e-08 3.0700683594e-07 3.8555908203e-07 3.0566406250e-07
6.7454798330e+01 0.0000000000e+00 6.7321777344e-08 3.0700683594e-07 3.8555908203e-07 3.0566406250e-07
6.7682892910e+01 0.0000000000e+00 6.7321777344e-08 3.0700683594e-07 3.8555908203e-07 3.0566406250e-07
6.7910987480e+01 0.0000000000e+00 6.7321777344e-08 3.0700683594e-07 3.8555908203e-07 3.0566406250e-07
6.8139082060e+01 0.0000000000e+00 6.7321777344e-08 3.0700683594e-07 3.8555908203e-07 3.0566406250e-07
6.8367176630e+01 0.0000000000e+00 6.7321777344e-08 3.0700683594e-07 3.8555908203e-07 3.0566406250e-07
6.8595271210e+01 0.0000000000e+00 6.7321777344e-08 3.0700683594e-07 3.8555908203e-07 3.0566406250e-07
6.8823365790e+01 0.0000000000e+00 6.7321777344e-08 3.0700683594e-07 3.8555908203e-07 3.0566406250e-07
6.9051460360e+01 0.0000000000e+00 6.7321777344e-08 3.0700683594e-07 3.8555908203e-07 3.0566406250e-07
6.9279554940e+01 0.0000000000e+00 6.7321777344e-08 3.0700683594e-07 3.8555908203e-07 3.0566406250e-07
6.9507649510e+01 0.0000000000e+00 6.7321777344e-08 3.0700683594e-07 3.8555908203e-07 3.0566406250e-07
6.9735744090e+01 0.0000000000e+00 6.7321777344e-08 3.0700683594e-07 3.8555908203e-07 3.0566406250e-07
6.9963838660e+01 0.0000000000e+00 6.7321777344e-08 3.0700683594e-07 3.8555908203e-07 3.0566406250e-07
7.0191933240e+01 0.0000000000e+00 6.7321777344e-08 3.0700683594e-07 3.8555908203e-07 3.0566406250e-07
7.0420027820e+01 0.0000000000e+00 6.7321777344e-08 3.0700683594e-07 3.8555908203e-07 3.0566406250e-07
7.0648122390e+01 0.0000000000e+00 6.7321777344e-08 3.0700683594e-07 3.8555908203e-07 3.0566406250e-07
7.0876216970e+01 0.0000000000e+00 6.7321777344e-08 3.0700683594e-07 3.8555908203e-07 3.0566406250e-07
7.1104311540e+01 0.0000000000e+00 6.7321777344e-08 3.0700683594e-07 3.8555908203e-07 3.0566406250e-07
7.1332406120e+01 0.0000000000e+00 6.7321777344e-08 3.0700683594e-07 3.8555908203e-07 3.0566406250e-07
7.1560500700e+01 0.0000000000e+00 6.7321777344e-08 3.0700683594e-07 3.8555908203e-07 3.0566406250e-07
7.1788595270e+01 0.0000000000e+00 6.7321777344e-08 3.0700683594e-07 3.8555908203e-07 3.0566406250e-07
7.2016689850e+01 0.0000000000e+00 6.7321777344e-08 3.0700683594e-07 3.8555908203e-07 3.0566406250e-07
7.2244784420e+01 0.0000000000e+00 6.7321777344e-08 3.0700683594e-07 3.8555908203e-07 3.0566406250e-07
7.2472879000e+01 0.0000000000e+00 6.7321777344e-08 3.0700683594e-07 3.8555908203e-07 3.0566406250e-07
7.2700973570e+01 7.5664136990e-08 1.4298591433e-07 3.8267097293e-07 4.6122321902e-07 3.8132819949e-07
7.2929068150e+01 1.5011596160e-07 2.1743773894e-07 4.5712279754e-07 5.3567504363e-07 4.5578002410e-07
7.3157162730e+01 8.6458294250e-08 1.5378007159e-07 3.9346513019e-07 4.7201737628e-07 3.9212235675e-07
7.3385257300e+01 0.0000000000e+00 6.7321777344e-08 3.0700683594e-07 3.8555908203e-07 3.0566406250e-07
7.3613351880e+01 0.0000000000e+00 6.7321777344e-08 3.0700683594e-07 3.8555908203e-07 3.0566406250e-07
7.3841446450e+01 0.0000000000e+00 6.7321777344e-08 3.0700683594e-07 3.8555908203e-07 3.0566406250e-07
7.4069541030e+01 0.0000000000e+00 6.7321777344e-08 3.0700683594e-07 3.8555908203e-07 3.0566406250e-07
7.4297635600e+01 0.0000000000e+00 6.7321777344e-08 3.0700683594e-07 3.8555908203e-07 3.0566406250e-07
7.4525730180e+01 0.0000000000e+00 6.7321777344e-08 3.0700683594e-07 3.8555908203e-07 3.0566406250e-07
7.4753824760e+01 0.0000000000e+00 6.7321777344e-08 3.0700683594e-07 3.8555908203e-07 3.0566406250e-07
7.4981919330e+01 0.0000000000e+00 6.7321777344e-08 3.0700683594e-07 3.8555908203e-07 3.0566406250e-07
7.5210013910e+01 0.0000000000e+00 6.7321777344e-08 3.0700683594e-07 3.8555908203e-07 3.0566406250e-07
7.5438108480e+01 0.0000000000e+00 6.7321777344e-08 3.0700683594e-07 3.8555908203e-07 3.0566406250e-07
7.5666203060e+01 0.0000000000e+00 6.7321777344e-08 3.0700683594e-07 3.8555908203e-07 3.0566406250e-07
7.5894297640e+01 0.0000000000e+00 6.7321777344e-08 3.0700683594e-07 3.8555908203e-07 3.0566406250e-07
7.6122392210e+01 0.0000000000e+00 6.7321777344e-08 3.0700683594e-07 3.8555908203e-07 3.0566406250e-07
7.6350486790e+01 5.9413848140e-08 1.2673562548e-07 3.6642068408e-07 4.4497293017e-07 3.6507791064e-07
7.6578581360e+01 1.4683025470e-07 2.1415203204e-07 4.5383709064e-07 5.3238933673e-07 4.5249431720e-07
7.6806675940e+01 4.0516928320e-08 1.0783870566e-07 3.4752376426e-07 4.2607601035e-07 3.4618099082e-07
7.7034770520e+01 0.0000000000e+00 6.7321777344e-08 3.0700683594e-07 3.8555908203e-07 3.0566406250e-07
7.7262865090e+01 0.0000000000e+00 6.7321777344e-08 3.0700683594e-07 3.8555908203e-07 3.0566406250e-07
7.7490959670e+01 0.0000000000e+00 6.7321777344e-08 3.0700683594e-07 3.8555908203e-07 3.0566406250e-07
7.7719054240e+01 0.0000000000e+00 6.7321777344e-08 3.0700683594e-07 3.8555908203e-07 3.0566406250e-07
7.7947148820e+01 0.0000000000e+00 6.7321777344e-08 3.0700683594e-07 3.8555908203e-07 3.0566406250e-07
7.8175243390e+01 0.0000000000e+00 6.7321777344e-08 3.0700683594e-07 3.8555908203e-07 3.0566406250e-07
7.8403337970e+01 0.0000000000e+00 6.7321777344e-08 3.0700683594e-07 3.8555908203e-07 3.0566406250e-07
7.8631432540e+01 0.0000000000e+00 6.7321777344e-08 3.0700683594e-07 3.8555908203e-07 3.0566406250e-07
7.8859527120e+01 0.0000000000e+00 6.7321777344e-08 3.0700683594e-07 3.8555908203e-07 3.0566406250e-07
7.9087621700e+01 0.0000000000e+00 6.7321777344e-08 3.0700683594e-07 3.8555908203e-07 3.0566406250e-07
7.9315716270e+01 7.4271968090e-08 1.4159374543e-07 3.8127880403e-07 4.5983105012e-07 3.7993603059e-07
7.9543810850e+01 0.0000000000e+00 6.7321777344e-08 3.0700683594e-07 3.8555908203e-07 3.0566406250e-07
7.9771905420e+01 0.0000000000e+00 6.7321777344e-08 3.0700683594e-07 3.8555908203e-07 3.0566406250e-07
8.0000000000e+01 0.0000000000e+00 6.7321777344e-08 3.0700683594e-07 3.8555908203e-07 3.0566406250e-07
