# rpm angle_deg Fb_N
   300  -84.0000  1.29959008e+00
   300  -83.5000  1.26320559e+00
   300  -83.0000  1.23102863e+00
   300  -82.5000  1.23993678e+00
   300  -82.0000  1.24984150e+00
   300  -81.5000  1.26072694e+00
   300  -81.0000  1.27218739e+00
   300  -80.5000  1.28492294e+00
   300  -80.0000  1.29847923e+00
   300  -79.5000  1.31276045e+00
   300  -79.0000  1.32764809e+00
   300  -78.5000  1.34300050e+00
   300  -78.0000  1.35865269e+00
   300  -77.5000  1.37441662e+00
   300  -77.0000  1.39008194e+00
   300  -76.5000  1.40541714e+00
   300  -76.0000  1.42017111e+00
   300  -75.5000  1.43430361e+00
   300  -75.0000  1.44706204e+00
   300  -74.5000  1.45839118e+00
   300  -74.0000  1.46798417e+00
   300  -73.5000  1.47552665e+00
   300  -73.0000  1.48069945e+00
   300  -72.5000  1.48318166e+00
   300  -72.0000  1.48265367e+00
   300  -71.5000  1.47880077e+00
   300  -71.0000  1.47131737e+00
   300  -70.5000  1.45991232e+00
   300  -70.0000  1.44401999e+00
   300  -69.5000  1.42395281e+00
   300  -69.0000  1.39924515e+00
   300  -68.5000  1.36974773e+00
   300  -68.0000  1.33537697e+00
   300  -67.5000  1.29667924e+00
   300  -67.0000  1.25271574e+00
   300  -66.5000  1.20417027e+00
   300  -66.0000  1.15135755e+00
   300  -65.5000  1.09471225e+00
   300  -65.0000  1.03478671e+00
   300  -64.5000  9.71258550e-01
   300  -64.0000  9.06777561e-01
   300  -63.5000  8.41248340e-01
   300  -63.0000  7.75522180e-01
   300  -62.5000  7.10451025e-01
   300  -62.0000  6.46852863e-01
   300  -61.5000  5.85479128e-01
   300  -61.0000  5.26826725e-01
   300  -60.5000  4.71683302e-01
   300  -60.0000  4.20373788e-01
   300  -59.5000  3.73330522e-01
   300  -59.0000  3.30417823e-01
   300  -58.5000  2.91822184e-01
   300  -58.0000  2.57443932e-01
   300  -57.5000  2.27109351e-01
   300  -57.0000  2.00569020e-01
   300  -56.5000  1.77601506e-01
   300  -56.0000  1.57844384e-01
   300  -55.5000  1.41043189e-01
   300  -55.0000  1.26863229e-01
   300  -54.5000  1.15028071e-01
   300  -54.0000  1.05303171e-01
   300  -53.5000  9.74524448e-02
   300  -53.0000  9.12702291e-02
   300  -52.5000  8.66036200e-02
   300  -52.0000  8.33293775e-02
   300  -51.5000  8.13791242e-02
   300  -51.0000  8.06980919e-02
   300  -50.5000  8.12891685e-02
   300  -50.0000  8.31665693e-02
   300  -49.5000  8.64368934e-02
   300  -49.0000  9.12407064e-02
   300  -48.5000  9.77421776e-02
   300  -48.0000  1.06202862e-01
   300  -47.5000  1.16944129e-01
   300  -47.0000  1.30394320e-01
   300  -46.5000  1.47186186e-01
   300  -46.0000  1.67827064e-01
   300  -45.5000  1.93510894e-01
   300  -45.0000  2.24341949e-01
   300  -44.5000  2.57327506e-01
   300  -44.0000  2.99791260e-01
   300  -43.5000  3.50091217e-01
   300  -43.0000  4.09239638e-01
   300  -42.5000  4.78237780e-01
   300  -42.0000  5.58023023e-01
   300  -41.5000  6.49406172e-01
   300  -41.0000  7.53001713e-01
   300  -40.5000  8.69155508e-01
   300  -40.0000  9.97875847e-01
   300  -39.5000  1.13877472e+00
   300  -39.0000  1.30194266e+00
   300  -38.5000  1.46498067e+00
   300  -38.0000  1.63629595e+00
   300  -37.5000  1.81378148e+00
   300  -37.0000  1.98187097e+00
   300  -36.5000  2.16409895e+00
   300  -36.0000  2.35892183e+00
   300  -35.5000  2.52317067e+00
   300  -35.0000  2.69656840e+00
   300  -34.5000  2.86570941e+00
   300  -34.0000  3.05066375e+00
   300  -33.5000  3.26648378e+00
   300  -33.0000  3.38546253e+00
   300  -32.5000  2.98705710e+00
   300  -32.0000  2.65487568e+00
   300  -31.5000  2.41958378e+00
   300  -31.0000  2.23811062e+00
   300  -30.5000  2.10714269e+00
   300  -30.0000  1.95872078e+00
   300  -29.5000  1.84844968e+00
   300  -29.0000  1.77386835e+00
   300  -28.5000  1.69081906e+00
   300  -28.0000  1.61855273e+00
   300  -27.5000  1.55600040e+00
   300  -27.0000  1.50244809e+00
   300  -26.5000  1.45740961e+00
   300  -26.0000  1.42052886e+00
   300  -25.5000  1.39149740e+00
   300  -25.0000  1.34754187e+00
   300  -24.5000  1.33279677e+00
   300  -24.0000  1.32463711e+00
   300  -23.5000  1.32249871e+00
   300  -23.0000  1.32574834e+00
   300  -22.5000  1.33370933e+00
   300  -22.0000  1.34569097e+00
   300  -21.5000  1.36101593e+00
   300  -21.0000  1.40619622e+00
   300  -20.5000  1.42714260e+00
   300  -20.0000  1.44969069e+00
   300  -19.5000  1.47336153e+00
   300  -19.0000  1.49773728e+00
   300  -18.5000  1.52245643e+00
   300  -18.0000  1.54720915e+00
   300  -17.5000  1.57173132e+00
   300  -17.0000  1.59579859e+00
   300  -16.5000  1.61922118e+00
   300  -16.0000  1.64183885e+00
   300  -15.5000  1.66351689e+00
   300  -15.0000  1.68414242e+00
   300  -14.5000  1.70362144e+00
   300  -14.0000  1.72187654e+00
   300  -13.5000  1.73884441e+00
   300  -13.0000  1.75447433e+00
   300  -12.5000  1.76872638e+00
   300  -12.0000  1.78157075e+00
   300  -11.5000  1.79298677e+00
   300  -11.0000  1.80296170e+00
   300  -10.5000  1.81149032e+00
   300  -10.0000  1.81857444e+00
   300   -9.5000  1.82422245e+00
   300   -9.0000  1.82844919e+00
   300   -8.5000  1.83127567e+00
   300   -8.0000  1.83272898e+00
   300   -7.5000  1.83284215e+00
   300   -7.0000  1.83165417e+00
   300   -6.5000  1.82920988e+00
   300   -6.0000  1.82555997e+00
   300   -5.5000  1.82076090e+00
   300   -5.0000  1.81487477e+00
   300   -4.5000  1.80796904e+00
   300   -4.0000  1.80011638e+00
   300   -3.5000  1.79139409e+00
   300   -3.0000  1.78188384e+00
   300   -2.5000  1.77167113e+00
   300   -2.0000  1.76084482e+00
   300   -1.5000  1.74949610e+00
   300   -1.0000  1.73771774e+00
   300   -0.5000  1.72560300e+00
   300    0.0000  1.71324472e+00
   300    0.5000  1.70073434e+00
   300    1.0000  1.68816058e+00
   300    1.5000  1.67560838e+00
   300    2.0000  1.66315730e+00
   300    2.5000  1.65088055e+00
   300    3.0000  1.63884357e+00
   300    3.5000  1.62710238e+00
   300    4.0000  1.61570327e+00
   300    4.5000  1.60468082e+00
   300    5.0000  1.59405752e+00
   300    5.5000  1.58384291e+00
   300    6.0000  1.57403319e+00
   300    6.5000  1.56461130e+00
   300    7.0000  1.55554688e+00
   300    7.5000  1.54679732e+00
   300    8.0000  1.53830825e+00
   300    8.5000  1.53001524e+00
   300    9.0000  1.52184547e+00
   300    9.5000  1.51372016e+00
   300   10.0000  1.50555653e+00
   300   10.5000  1.49727089e+00
   300   11.0000  1.48878202e+00
   300   11.5000  1.48001389e+00
   300   12.0000  1.47089963e+00
   300   12.5000  1.46138519e+00
   300   13.0000  1.45143330e+00
   300   13.5000  1.44102768e+00
   300   14.0000  1.39815066e+00
   300   14.5000  1.38751758e+00
   300   15.0000  1.37656364e+00
   300   15.5000  1.36539868e+00
   300   16.0000  1.35417587e+00
   300   16.5000  1.34309635e+00
   300   17.0000  1.33241334e+00
   300   17.5000  1.32243563e+00
   300   18.0000  1.31352951e+00
   300   18.5000  1.30611876e+00
   300   19.0000  1.30068158e+00
   300   19.5000  1.29774389e+00
   300   20.0000  1.29786835e+00
   300   20.5000  1.30163900e+00
   300   21.0000  1.30964285e+00
   300   21.5000  1.32245009e+00
   300   22.0000  1.34059666e+00
   300   22.5000  1.38741567e+00
   300   23.0000  1.41745011e+00
   300   23.5000  1.45421045e+00
   300   24.0000  1.49809633e+00
   300   24.5000  1.54954779e+00
   300   25.0000  1.60910860e+00
   300   25.5000  1.67750322e+00
   300   26.0000  1.75574269e+00
   300   26.5000  1.82364374e+00
   300   27.0000  1.92662882e+00
   300   27.5000  2.06677770e+00
   300   28.0000  2.18514697e+00
   300   28.5000  2.35087018e+00
   300   29.0000  2.56097479e+00
   300   29.5000  2.82189963e+00
   300   30.0000  3.17702117e+00
   300   30.5000  3.34750523e+00
   300   31.0000  3.21917136e+00
   300   31.5000  2.95977556e+00
   300   32.0000  2.79207128e+00
   300   32.5000  2.62131118e+00
   300   33.0000  2.46010374e+00
   300   33.5000  2.26622516e+00
   300   34.0000  2.08430385e+00
   300   34.5000  1.91582832e+00
   300   35.0000  1.73588312e+00
   300   35.5000  1.56078648e+00
   300   36.0000  1.39281840e+00
   300   36.5000  1.23393300e+00
   300   37.0000  1.07557727e+00
   300   37.5000  9.39929912e-01
   300   38.0000  8.16692621e-01
   300   38.5000  7.06076885e-01
   300   39.0000  6.07920524e-01
   300   39.5000  5.21751605e-01
   300   40.0000  4.46859908e-01
   300   40.5000  3.82369073e-01
   300   41.0000  3.27304170e-01
   300   41.5000  2.80650736e-01
   300   42.0000  2.41403212e-01
   300   42.5000  2.11158062e-01
   300   43.0000  1.82528525e-01
   300   43.5000  1.59115161e-01
   300   44.0000  1.40246051e-01
   300   44.5000  1.25145441e-01
   300   45.0000  1.13040667e-01
   300   45.5000  1.03462518e-01
   300   46.0000  9.60285053e-02
   300   46.5000  9.04567733e-02
   300   47.0000  8.65078555e-02
   300   47.5000  8.40543634e-02
   300   48.0000  8.29851737e-02
   300   48.5000  8.32153005e-02
   300   49.0000  8.47642612e-02
   300   49.5000  8.76618015e-02
   300   50.0000  9.19634872e-02
   300   50.5000  9.77881256e-02
   300   51.0000  1.05273922e-01
   300   51.5000  1.14623564e-01
   300   52.0000  1.26060246e-01
   300   52.5000  1.39817306e-01
   300   53.0000  1.56159637e-01
   300   53.5000  1.75404101e-01
   300   54.0000  1.97857753e-01
   300   54.5000  2.23748839e-01
   300   55.0000  2.53436044e-01
   300   55.5000  2.87063011e-01
   300   56.0000  3.24810634e-01
   300   56.5000  3.66754652e-01
   300   57.0000  4.12617937e-01
   300   57.5000  4.62606073e-01
   300   58.0000  5.16223609e-01
   300   58.5000  5.73027724e-01
   300   59.0000  6.32273432e-01
   300   59.5000  6.93392777e-01
   300   60.0000  7.55596481e-01
   300   60.5000  8.18035644e-01
   300   61.0000  8.79836953e-01
   300   61.5000  9.40139264e-01
   300   62.0000  9.98128447e-01
   300   62.5000  1.05405335e+00
   300   63.0000  1.10524134e+00
   300   63.5000  1.15222817e+00
   300   64.0000  1.19462394e+00
   300   64.5000  1.23216513e+00
   300   65.0000  1.26470910e+00
   300   65.5000  1.29222409e+00
   300   66.0000  1.31477657e+00
   300   66.5000  1.33251792e+00
   300   67.0000  1.34513640e+00
   300   67.5000  1.35399803e+00
   300   68.0000  1.35886893e+00
   300   68.5000  1.36011166e+00
   300   69.0000  1.35811653e+00
   300   69.5000  1.35329392e+00
   300   70.0000  1.34606738e+00
   300   70.5000  1.33686726e+00
   300   71.0000  1.32612471e+00
   300   71.5000  1.31478094e+00
   300   72.0000  1.30223401e+00
   300   72.5000  1.28938921e+00
   300   73.0000  1.27662861e+00
   300   73.5000  1.26431185e+00
   300   74.0000  1.25277385e+00
   300   74.5000  1.24232339e+00
   300   75.0000  1.23324199e+00
   300   75.5000  1.22578417e+00
   300   76.0000  1.22017832e+00
   300   76.5000  1.21662815e+00
   300   77.0000  1.21531460e+00
   300   77.5000  1.21639803e+00
   300   78.0000  1.22002063e+00
   300   78.5000  1.22630865e+00
   300   79.0000  1.23537467e+00
   300   79.5000  1.28627227e+00
   300   80.0000  1.33184220e+00
   500  -84.0000  8.72603012e-01
   500  -83.5000  8.31507254e-01
   500  -83.0000  7.95447418e-01
   500  -82.5000  8.04475238e-01
   500  -82.0000  8.14607125e-01
   500  -81.5000  8.25843740e-01
   500  -81.0000  8.38167646e-01
   500  -80.5000  8.51540986e-01
   500  -80.0000  8.65903054e-01
   500  -79.5000  8.81167898e-01
   500  -79.0000  8.97222021e-01
   500  -78.5000  9.13922287e-01
   500  -78.0000  9.31094151e-01
   500  -77.5000  9.48530364e-01
   500  -77.0000  9.65990284e-01
   500  -76.5000  9.83199936e-01
   500  -76.0000  9.99852952e-01
   500  -75.5000  1.01626350e+00
   500  -75.0000  1.03075693e+00
   500  -74.5000  1.04360666e+00
   500  -74.0000  1.05440778e+00
   500  -73.5000  1.06274407e+00
   500  -73.0000  1.06819574e+00
   500  -72.5000  1.07034840e+00
   500  -72.0000  1.06880314e+00
   500  -71.5000  1.06318778e+00
   500  -71.0000  1.05316914e+00
   500  -70.5000  1.03846624e+00
   500  -70.0000  1.01813161e+00
   500  -69.5000  9.93461781e-01
   500  -69.0000  9.63715656e-01
   500  -68.5000  9.28964538e-01
   500  -68.0000  8.89401508e-01
   500  -67.5000  8.45350611e-01
   500  -67.0000  7.97271315e-01
   500  -66.5000  7.45756617e-01
   500  -66.0000  6.91523188e-01
   500  -65.5000  6.35363495e-01
   500  -65.0000  5.78099094e-01
   500  -64.5000  5.20885714e-01
   500  -64.0000  4.64500121e-01
   500  -63.5000  4.09958805e-01
   500  -63.0000  3.58013542e-01
   500  -62.5000  3.09404502e-01
   500  -62.0000  2.64587115e-01
   500  -61.5000  2.23981484e-01
   500  -61.0000  1.87773649e-01
   500  -60.5000  1.55974283e-01
   500  -60.0000  1.28474830e-01
   500  -59.5000  1.05049928e-01
   500  -59.0000  8.53740483e-02
   500  -58.5000  6.90750357e-02
   500  -58.0000  5.57650273e-02
   500  -57.5000  4.50551348e-02
   500  -57.0000  4.47290294e-02
   500  -56.5000  4.56159630e-02
   500  -56.0000  4.64699354e-02
   500  -55.5000  4.72882229e-02
   500  -55.0000  4.80660324e-02
   500  -54.5000  4.88008178e-02
   500  -54.0000  4.94860650e-02
   500  -53.5000  5.01139961e-02
   500  -53.0000  5.07015068e-02
   500  -52.5000  5.12282672e-02
   500  -52.0000  5.17023941e-02
   500  -51.5000  5.21150063e-02
   500  -51.0000  5.24653822e-02
   500  -50.5000  5.27488901e-02
   500  -50.0000  5.29632543e-02
   500  -49.5000  5.31691450e-02
   500  -49.0000  5.32207382e-02
   500  -48.5000  5.31245821e-02
   500  -48.0000  5.30152240e-02
   500  -47.5000  5.28270258e-02
   500  -47.0000  5.25546763e-02
   500  -46.5000  5.22130677e-02
   500  -46.0000  5.18139463e-02
   500  -45.5000  5.13511150e-02
   500  -45.0000  5.08313565e-02
   500  -44.5000  5.02519911e-02
   500  -44.0000  5.96267574e-02
   500  -43.5000  7.70521394e-02
   500  -43.0000  9.99476417e-02
   500  -42.5000  1.30264653e-01
   500  -42.0000  1.70267970e-01
   500  -41.5000  2.18314704e-01
   500  -41.0000  2.78067131e-01
   500  -40.5000  3.45928638e-01
   500  -40.0000  4.33421072e-01
   500  -39.5000  5.37563296e-01
   500  -39.0000  6.59517454e-01
   500  -38.5000  7.99952834e-01
   500  -38.0000  9.58931609e-01
   500  -37.5000  1.13583788e+00
   500  -37.0000  1.32937344e+00
   500  -36.5000  1.55112988e+00
   500  -36.0000  1.77233276e+00
   500  -35.5000  2.00338324e+00
   500  -35.0000  2.22808397e+00
   500  -34.5000  2.47539610e+00
   500  -34.0000  2.73585175e+00
   500  -33.5000  3.11293049e+00
   500  -33.0000  3.34294144e+00
   500  -32.5000  2.76789888e+00
   500  -32.0000  2.41566973e+00
   500  -31.5000  2.16839239e+00
   500  -31.0000  1.97735968e+00
   500  -30.5000  1.82473023e+00
   500  -30.0000  1.71810600e+00
   500  -29.5000  1.61450507e+00
   500  -29.0000  1.50912623e+00
   500  -28.5000  1.43521722e+00
   500  -28.0000  1.37233808e+00
   500  -27.5000  1.31891011e+00
   500  -27.0000  1.27383028e+00
   500  -26.5000  1.23632451e+00
   500  -26.0000  1.20583233e+00
   500  -25.5000  1.18191353e+00
   500  -25.0000  1.16417471e+00
   500  -24.5000  1.15221665e+00
   500  -24.0000  1.14560342e+00
   500  -23.5000  1.14385154e+00
   500  -23.0000  1.14643562e+00
   500  -22.5000  1.15280454e+00
   500  -22.0000  1.16240229e+00
   500  -21.5000  1.17468805e+00
   500  -21.0000  1.18915248e+00
   500  -20.5000  1.20532848e+00
   500  -20.0000  1.22279676e+00
   500  -19.5000  1.24118707e+00
   500  -19.0000  1.26017619e+00
   500  -18.5000  1.27948432e+00
   500  -18.0000  1.29887024e+00
   500  -17.5000  1.31812657e+00
   500  -17.0000  1.33707508e+00
   500  -16.5000  1.35556257e+00
   500  -16.0000  1.37345731e+00
   500  -15.5000  1.39064607e+00
   500  -15.0000  1.40703166e+00
   500  -14.5000  1.42253089e+00
   500  -14.0000  1.43707301e+00
   500  -13.5000  1.45059838e+00
   500  -13.0000  1.46305739e+00
   500  -12.5000  1.47440965e+00
   500  -12.0000  1.48462331e+00
   500  -11.5000  1.49367445e+00
   500  -11.0000  1.50154669e+00
   500  -10.5000  1.50823073e+00
   500  -10.0000  1.51372414e+00
   500   -9.5000  1.51803108e+00
   500   -9.0000  1.52116213e+00
   500   -8.5000  1.52313413e+00
   500   -8.0000  1.52397002e+00
   500   -7.5000  1.52369877e+00
   500   -7.0000  1.52235517e+00
   500   -6.5000  1.51997976e+00
   500   -6.0000  1.51661857e+00
   500   -5.5000  1.51232294e+00
   500   -5.0000  1.50714920e+00
   500   -4.5000  1.50115835e+00
   500   -4.0000  1.49441564e+00
   500   -3.5000  1.48699006e+00
   500   -3.0000  1.47895382e+00
   500   -2.5000  1.47038175e+00
   500   -2.0000  1.46135061e+00
   500   -1.5000  1.45193838e+00
   500   -1.0000  1.44222343e+00
   500   -0.5000  1.43228377e+00
   500    0.0000  1.42219612e+00
   500    0.5000  1.41203510e+00
   500    1.0000  1.40187226e+00
   500    1.5000  1.39177518e+00
   500    2.0000  1.38180647e+00
   500    2.5000  1.37202290e+00
   500    3.0000  1.36247445e+00
   500    3.5000  1.35320345e+00
   500    4.0000  1.34424378e+00
   500    4.5000  1.33562013e+00
   500    5.0000  1.32734742e+00
   500    5.5000  1.31943042e+00
   500    6.0000  1.31186345e+00
   500    6.5000  1.30463036e+00
   500    7.0000  1.29770486e+00
   500    7.5000  1.29105097e+00
   500    8.0000  1.28462377e+00
   500    8.5000  1.27837069e+00
   500    9.0000  1.27223267e+00
   500    9.5000  1.26614595e+00
   500   10.0000  1.26004404e+00
   500   10.5000  1.25385979e+00
   500   11.0000  1.24752791e+00
   500   11.5000  1.24098751e+00
   500   12.0000  1.23418491e+00
   500   12.5000  1.22707666e+00
   500   13.0000  1.21963253e+00
   500   13.5000  1.21183886e+00
   500   14.0000  1.20370188e+00
   500   14.5000  1.19525124e+00
   500   15.0000  1.18654360e+00
   500   15.5000  1.17766640e+00
   500   16.0000  1.16874158e+00
   500   16.5000  1.15992924e+00
   500   17.0000  1.15143098e+00
   500   17.5000  1.14349281e+00
   500   18.0000  1.13640690e+00
   500   18.5000  1.13051179e+00
   500   19.0000  1.12619039e+00
   500   19.5000  1.12386515e+00
   500   20.0000  1.12398998e+00
   500   20.5000  1.12703913e+00
   500   21.0000  1.13349405e+00
   500   21.5000  1.14383016e+00
   500   22.0000  1.15850685e+00
   500   22.5000  1.17796431e+00
   500   23.0000  1.20263140e+00
   500   23.5000  1.23294714e+00
   500   24.0000  1.26939863e+00
   500   24.5000  1.31257619e+00
   500   25.0000  1.36324666e+00
   500   25.5000  1.42244737e+00
   500   26.0000  1.49160809e+00
   500   26.5000  1.59154265e+00
   500   27.0000  1.68731360e+00
   500   27.5000  1.80167076e+00
   500   28.0000  1.92173775e+00
   500   28.5000  2.11146414e+00
   500   29.0000  2.31134949e+00
   500   29.5000  2.60108879e+00
   500   30.0000  3.07012948e+00
   500   30.5000  3.24865562e+00
   500   31.0000  2.88213355e+00
   500   31.5000  2.61083281e+00
   500   32.0000  2.37376021e+00
   500   32.5000  2.11638290e+00
   500   33.0000  1.89631625e+00
   500   33.5000  1.66994172e+00
   500   34.0000  1.45434711e+00
   500   34.5000  1.23919576e+00
   500   35.0000  1.05321757e+00
   500   35.5000  8.84461792e-01
   500   36.0000  7.33937014e-01
   500   36.5000  6.01964047e-01
   500   37.0000  4.88209774e-01
   500   37.5000  3.91779210e-01
   500   38.0000  3.16467179e-01
   500   38.5000  2.49515070e-01
   500   39.0000  1.95274754e-01
   500   39.5000  1.51498650e-01
   500   40.0000  1.15625069e-01
   500   40.5000  8.88260927e-02
   500   41.0000  6.85893050e-02
   500   41.5000  5.32164473e-02
   500   42.0000  5.07258187e-02
   500   42.5000  5.12771066e-02
   500   43.0000  5.17909529e-02
   500   43.5000  5.22391617e-02
   500   44.0000  5.26253366e-02
   500   44.5000  5.29332198e-02
   500   45.0000  5.32507446e-02
   500   45.5000  5.34061551e-02
   500   46.0000  5.34786283e-02
   500   46.5000  5.34518940e-02
   500   47.0000  5.33579934e-02
   500   47.5000  5.31054325e-02
   500   48.0000  5.28487720e-02
   500   48.5000  5.25223276e-02
   500   49.0000  5.21301759e-02
   500   49.5000  5.16772034e-02
   500   50.0000  5.11648523e-02
   500   50.5000  5.05922890e-02
   500   51.0000  4.99801261e-02
   500   51.5000  4.93170280e-02
   500   52.0000  4.85976213e-02
   500   52.5000  4.78325190e-02
   500   53.0000  4.70270747e-02
   500   53.5000  4.61822761e-02
   500   54.0000  4.53054046e-02
   500   54.5000  4.44003466e-02
   500   55.0000  5.36280976e-02
   500   55.5000  6.63505607e-02
   500   56.0000  8.19306049e-02
   500   56.5000  1.00729337e-01
   500   57.0000  1.23099279e-01
   500   57.5000  1.49302948e-01
   500   58.0000  1.79523404e-01
   500   58.5000  2.13837773e-01
   500   59.0000  2.52165665e-01
   500   59.5000  2.94206371e-01
   500   60.0000  3.39572616e-01
   500   60.5000  3.87687652e-01
   500   61.0000  4.37762604e-01
   500   61.5000  4.89020499e-01
   500   62.0000  5.40417165e-01
   500   62.5000  5.91171036e-01
   500   63.0000  6.40269823e-01
   500   63.5000  6.86743439e-01
   500   64.0000  7.29945638e-01
   500   64.5000  7.69243916e-01
   500   65.0000  8.04146542e-01
   500   65.5000  8.34309720e-01
   500   66.0000  8.59536856e-01
   500   66.5000  8.79771499e-01
   500   67.0000  8.95085557e-01
   500   67.5000  9.05664402e-01
   500   68.0000  9.11790164e-01
   500   68.5000  9.13824162e-01
   500   69.0000  9.12189329e-01
   500   69.5000  9.07353143e-01
   500   70.0000  8.99811543e-01
   500   70.5000  8.90074169e-01
   500   71.0000  8.78651187e-01
   500   71.5000  8.66041972e-01
   500   72.0000  8.52725787e-01
   500   72.5000  8.39154519e-01
   500   73.0000  8.25747572e-01
   500   73.5000  8.12888775e-01
   500   74.0000  8.00925207e-01
   500   74.5000  7.90167723e-01
   500   75.0000  7.80892873e-01
   500   75.5000  7.73346035e-01
   500   76.0000  7.67745314e-01
   500   76.5000  7.64286103e-01
   500   77.0000  7.63145875e-01
   500   77.5000  7.64489148e-01
   500   78.0000  7.68472321e-01
   500   78.5000  7.75248326e-01
   500   79.0000  7.84970901e-01
   500   79.5000  8.39928038e-01
   500   80.0000  8.91070906e-01
   700  -84.0000  6.05497817e-01
   700  -83.5000  5.66909187e-01
   700  -83.0000  5.33544494e-01
   700  -82.5000  5.41576865e-01
   700  -82.0000  5.50603549e-01
   700  -81.5000  5.60719619e-01
   700  -81.0000  5.71857840e-01
   700  -80.5000  5.83994159e-01
   700  -80.0000  5.97138592e-01
   700  -79.5000  6.11199301e-01
   700  -79.0000  6.26085333e-01
   700  -78.5000  6.41674891e-01
   700  -78.0000  6.57815341e-01
   700  -77.5000  6.74326858e-01
   700  -77.0000  6.91064802e-01
   700  -76.5000  7.07581838e-01
   700  -76.0000  7.23592142e-01
   700  -75.5000  7.38809348e-01
   700  -75.0000  7.52856905e-01
   700  -74.5000  7.65329458e-01
   700  -74.0000  7.75799665e-01
   700  -73.5000  7.83827125e-01
   700  -73.0000  7.88969261e-01
   700  -72.5000  7.90794300e-01
   700  -72.0000  7.88895963e-01
   700  -71.5000  7.82909751e-01
   700  -71.0000  7.72530312e-01
   700  -70.5000  7.57529341e-01
   700  -70.0000  7.37773389e-01
   700  -69.5000  7.13240630e-01
   700  -69.0000  6.84035580e-01
   700  -68.5000  6.50311693e-01
   700  -68.0000  6.12462070e-01
   700  -67.5000  5.71287070e-01
   700  -67.0000  5.27218170e-01
   700  -66.5000  4.81105571e-01
   700  -66.0000  4.33812505e-01
   700  -65.5000  3.86254416e-01
   700  -65.0000  3.39410235e-01
   700  -64.5000  2.94163743e-01
   700  -64.0000  2.51333361e-01
   700  -63.5000  2.11607712e-01
   700  -63.0000  1.75511635e-01
   700  -62.5000  1.43388681e-01
   700  -62.0000  1.15381477e-01
   700  -61.5000  9.14717058e-02
   700  -61.0000  7.14961869e-02
   700  -60.5000  5.51620001e-02
   700  -60.0000  4.21275002e-02
   700  -59.5000  4.17867956e-02
   700  -59.0000  4.28674480e-02
   700  -58.5000  4.39352086e-02
   700  -58.0000  4.49846046e-02
   700  -57.5000  4.60096002e-02
   700  -57.0000  4.70089743e-02
   700  -56.5000  4.79809018e-02
   700  -56.0000  4.89580887e-02
   700  -55.5000  5.00534530e-02
   700  -55.0000  5.12376139e-02
   700  -54.5000  5.23868291e-02
   700  -54.0000  5.31495090e-02
   700  -53.5000  5.29153065e-02
   700  -53.0000  5.35015725e-02
   700  -52.5000  5.40180435e-02
   700  -52.0000  5.44621099e-02
   700  -51.5000  5.48315774e-02
   700  -51.0000  5.51246490e-02
   700  -50.5000  5.53399463e-02
   700  -50.0000  5.54764945e-02
   700  -49.5000  5.55337202e-02
   700  -49.0000  5.55114445e-02
   700  -48.5000  5.54098728e-02
   700  -48.0000  5.52295797e-02
   700  -47.5000  5.49715054e-02
   700  -47.0000  5.46369295e-02
   700  -46.5000  5.42274572e-02
   700  -46.0000  5.50994275e-02
   700  -45.5000  5.45486494e-02
   700  -45.0000  5.39263437e-02
   700  -44.5000  5.32353992e-02
   700  -44.0000  5.17023917e-02
   700  -43.5000  5.03953665e-02
   700  -43.0000  4.91946636e-02
   700  -42.5000  4.82059150e-02
   700  -42.0000  5.20756760e-02
   700  -41.5000  7.36716235e-02
   700  -41.0000  1.04066887e-01
   700  -40.5000  1.47181193e-01
   700  -40.0000  2.00844622e-01
   700  -39.5000  2.70048060e-01
   700  -39.0000  3.57445035e-01
   700  -38.5000  4.58043682e-01
   700  -38.0000  5.87449509e-01
   700  -37.5000  7.40933462e-01
   700  -37.0000  9.19200830e-01
   700  -36.5000  1.12212541e+00
   700  -36.0000  1.34883315e+00
   700  -35.5000  1.61155540e+00
   700  -35.0000  1.88233800e+00
   700  -34.5000  2.16130966e+00
   700  -34.0000  2.48248712e+00
   700  -33.5000  2.87055539e+00
   700  -33.0000  3.26956882e+00
   700  -32.5000  2.58887667e+00
   700  -32.0000  2.21410577e+00
   700  -31.5000  1.95189966e+00
   700  -31.0000  1.77128601e+00
   700  -30.5000  1.61975589e+00
   700  -30.0000  1.48438244e+00
   700  -29.5000  1.38716636e+00
   700  -29.0000  1.30746519e+00
   700  -28.5000  1.24145459e+00
   700  -28.0000  1.18644578e+00
   700  -27.5000  1.14053726e+00
   700  -27.0000  1.10238527e+00
   700  -26.5000  1.08584016e+00
   700  -26.0000  1.06070982e+00
   700  -25.5000  1.04122925e+00
   700  -25.0000  1.02697309e+00
   700  -24.5000  1.01754795e+00
   700  -24.0000  1.01255533e+00
   700  -23.5000  1.01157531e+00
   700  -23.0000  1.01416521e+00
   700  -22.5000  1.01986882e+00
   700  -22.0000  1.02823097e+00
   700  -21.5000  1.03881206e+00
   700  -21.0000  1.05120021e+00
   700  -20.5000  1.06501893e+00
   700  -20.0000  1.07993093e+00
   700  -19.5000  1.09563804e+00
   700  -19.0000  1.11187955e+00
   700  -18.5000  1.12842817e+00
   700  -18.0000  1.14508630e+00
   700  -17.5000  1.16168186e+00
   700  -17.0000  1.15440801e+00
   700  -16.5000  1.16981264e+00
   700  -16.0000  1.18476848e+00
   700  -15.5000  1.19917663e+00
   700  -15.0000  1.21295013e+00
   700  -14.5000  1.22601271e+00
   700  -14.0000  1.23829782e+00
   700  -13.5000  1.24974784e+00
   700  -13.0000  1.26031355e+00
   700  -12.5000  1.26995364e+00
   700  -12.0000  1.27863439e+00
   700  -11.5000  1.28632936e+00
   700  -11.0000  1.29301921e+00
   700  -10.5000  1.29869143e+00
   700  -10.0000  1.30334022e+00
   700   -9.5000  1.30696632e+00
   700   -9.0000  1.30957689e+00
   700   -8.5000  1.31118539e+00
   700   -8.0000  1.31181138e+00
   700   -7.5000  1.31148042e+00
   700   -7.0000  1.31022386e+00
   700   -6.5000  1.30807862e+00
   700   -6.0000  1.30508693e+00
   700   -5.5000  1.30129600e+00
   700   -5.0000  1.29675765e+00
   700   -4.5000  1.29152787e+00
   700   -4.0000  1.28566631e+00
   700   -3.5000  1.27923578e+00
   700   -3.0000  1.27230152e+00
   700   -2.5000  1.26493071e+00
   700   -2.0000  1.25719167e+00
   700   -1.5000  1.24915315e+00
   700   -1.0000  1.24088365e+00
   700   -0.5000  1.23245062e+00
   700    0.0000  1.22391973e+00
   700    0.5000  1.21535414e+00
   700    1.0000  1.20681374e+00
   700    1.5000  1.19835441e+00
   700    2.0000  1.19002736e+00
   700    2.5000  1.18187835e+00
   700    3.0000  1.17394714e+00
   700    3.5000  1.19566631e+00
   700    4.0000  1.18797357e+00
   700    4.5000  1.18057111e+00
   700    5.0000  1.17346941e+00
   700    5.5000  1.16667065e+00
   700    6.0000  1.16016810e+00
   700    6.5000  1.15394646e+00
   700    7.0000  1.14798206e+00
   700    7.5000  1.14224335e+00
   700    8.0000  1.13669151e+00
   700    8.5000  1.13128161e+00
   700    9.0000  1.12596343e+00
   700    9.5000  1.12068310e+00
   700   10.0000  1.11538466e+00
   700   10.5000  1.11001177e+00
   700   11.0000  1.10451006e+00
   700   11.5000  1.09882878e+00
   700   12.0000  1.09292347e+00
   700   12.5000  1.08675826e+00
   700   13.0000  1.08030842e+00
   700   13.5000  1.07356305e+00
   700   14.0000  1.06652776e+00
   700   14.5000  1.05922747e+00
   700   15.0000  1.03053579e+00
   700   15.5000  1.02333675e+00
   700   16.0000  1.01609647e+00
   700   16.5000  1.00894359e+00
   700   17.0000  1.00204008e+00
   700   17.5000  9.95583604e-01
   700   18.0000  9.89809058e-01
   700   18.5000  9.84988996e-01
   700   19.0000  9.81432380e-01
   700   19.5000  9.79481167e-01
   700   20.0000  9.79504590e-01
   700   20.5000  9.81891234e-01
   700   21.0000  1.00320773e+00
   700   21.5000  1.01126704e+00
   700   22.0000  1.02292951e+00
   700   22.5000  1.03859464e+00
   700   23.0000  1.05867429e+00
   700   23.5000  1.08361906e+00
   700   24.0000  1.09869308e+00
   700   24.5000  1.13512509e+00
   700   25.0000  1.17849718e+00
   700   25.5000  1.23003673e+00
   700   26.0000  1.29143538e+00
   700   26.5000  1.36503967e+00
   700   27.0000  1.45413353e+00
   700   27.5000  1.57901948e+00
   700   28.0000  1.71527181e+00
   700   28.5000  1.87315381e+00
   700   29.0000  2.11638053e+00
   700   29.5000  2.41492039e+00
   700   30.0000  2.95812686e+00
   700   30.5000  3.14899010e+00
   700   31.0000  2.66381305e+00
   700   31.5000  2.33716327e+00
   700   32.0000  2.03298832e+00
   700   32.5000  1.75213514e+00
   700   33.0000  1.49198107e+00
   700   33.5000  1.24001987e+00
   700   34.0000  1.02470453e+00
   700   34.5000  8.33478738e-01
   700   35.0000  6.66926536e-01
   700   35.5000  5.24824980e-01
   700   36.0000  4.06132940e-01
   700   36.5000  3.14923593e-01
   700   37.0000  2.36197641e-01
   700   37.5000  1.74450417e-01
   700   38.0000  1.25818380e-01
   700   38.5000  8.89602688e-02
   700   39.0000  6.28111567e-02
   700   39.5000  4.78475007e-02
   700   40.0000  4.88323215e-02
   700   40.5000  5.00185448e-02
   700   41.0000  5.12717360e-02
   700   41.5000  5.30150096e-02
   700   42.0000  5.37902467e-02
   700   42.5000  5.44514863e-02
   700   43.0000  5.50418578e-02
   700   43.5000  5.55585488e-02
   700   44.0000  5.46132443e-02
   700   44.5000  5.49863657e-02
   700   45.0000  5.52828288e-02
   700   45.5000  5.55011424e-02
   700   46.0000  5.56401591e-02
   700   46.5000  5.56991066e-02
   700   47.0000  5.56775811e-02
   700   47.5000  5.55755845e-02
   700   48.0000  5.53935238e-02
   700   48.5000  5.51322214e-02
   700   49.0000  5.47929358e-02
   700   49.5000  5.43773451e-02
   700   50.0000  5.38875719e-02
   700   50.5000  5.33261711e-02
   700   51.0000  5.36343012e-02
   700   51.5000  5.28914930e-02
   700   52.0000  5.20870566e-02
   700   52.5000  5.07000362e-02
   700   53.0000  4.95215952e-02
   700   53.5000  4.85147248e-02
   700   54.0000  4.75391381e-02
   700   54.5000  4.65471636e-02
   700   55.0000  4.55358611e-02
   700   55.5000  4.44987335e-02
   700   56.0000  4.34432200e-02
   700   56.5000  4.23752548e-02
   700   57.0000  4.13023518e-02
   700   57.5000  5.15058110e-02
   700   58.0000  6.66492709e-02
   700   58.5000  8.51331100e-02
   700   59.0000  1.07163201e-01
   700   59.5000  1.32839315e-01
   700   60.0000  1.62106775e-01
   700   60.5000  1.94729519e-01
   700   61.0000  2.30289940e-01
   700   61.5000  2.68218626e-01
   700   62.0000  3.07778615e-01
   700   62.5000  3.48148780e-01
   700   63.0000  3.88406176e-01
   700   63.5000  4.27657788e-01
   700   64.0000  4.65016969e-01
   700   64.5000  4.99786289e-01
   700   65.0000  5.31231351e-01
   700   65.5000  5.58850726e-01
   700   66.0000  5.82313465e-01
   700   66.5000  6.01252385e-01
   700   67.0000  6.15830069e-01
   700   67.5000  6.26139116e-01
   700   68.0000  6.32149940e-01
   700   68.5000  6.34315012e-01
   700   69.0000  6.32906791e-01
   700   69.5000  6.28662152e-01
   700   70.0000  6.21660535e-01
   700   70.5000  6.12704489e-01
   700   71.0000  6.02220679e-01
   700   71.5000  5.90674023e-01
   700   72.0000  5.78580474e-01
   700   72.5000  5.66235314e-01
   700   73.0000  5.54117722e-01
   700   73.5000  5.42557713e-01
   700   74.0000  5.31857033e-01
   700   74.5000  5.22291519e-01
   700   75.0000  5.14086314e-01
   700   75.5000  5.07451249e-01
   700   76.0000  5.02534800e-01
   700   76.5000  4.99551397e-01
   700   77.0000  4.98624467e-01
   700   77.5000  4.99897864e-01
   700   78.0000  5.03516256e-01
   700   78.5000  5.09630252e-01
   700   79.0000  5.18427208e-01
   700   79.5000  5.68507234e-01
   700   80.0000  6.16154573e-01
   900  -84.0000  4.28658809e-01
   900  -83.5000  3.95016643e-01
   900  -83.0000  3.66351229e-01
   900  -82.5000  3.73067344e-01
   900  -82.0000  3.80684156e-01
   900  -81.5000  3.89221849e-01
   900  -81.0000  3.98688299e-01
   900  -80.5000  4.09076442e-01
   900  -80.0000  4.20361325e-01
   900  -79.5000  4.32496840e-01
   900  -79.0000  4.45412304e-01
   900  -78.5000  4.59008799e-01
   900  -78.0000  4.73155776e-01
   900  -77.5000  4.87691560e-01
   900  -77.0000  5.02406475e-01
   900  -76.5000  5.17071172e-01
   900  -76.0000  5.31395210e-01
   900  -75.5000  5.45053175e-01
   900  -75.0000  5.57708605e-01
   900  -74.5000  5.68981667e-01
   900  -74.0000  5.78424571e-01
   900  -73.5000  5.85672193e-01
   900  -73.0000  5.90256864e-01
   900  -72.5000  5.91783784e-01
   900  -72.0000  5.89873194e-01
   900  -71.5000  5.84195780e-01
   900  -71.0000  5.74490479e-01
   900  -70.5000  5.60574003e-01
   900  -70.0000  5.42424536e-01
   900  -69.5000  5.20043022e-01
   900  -69.0000  4.93669355e-01
   900  -68.5000  4.63630503e-01
   900  -68.0000  4.30413167e-01
   900  -67.5000  3.94641831e-01
   900  -67.0000  3.57056009e-01
   900  -66.5000  3.18487547e-01
   900  -66.0000  2.79818531e-01
   900  -65.5000  2.41933975e-01
   900  -65.0000  2.05671444e-01
   900  -64.5000  1.71770675e-01
   900  -64.0000  1.40829533e-01
   900  -63.5000  1.13272096e-01
   900  -63.0000  8.93343202e-02
   900  -62.5000  6.90825127e-02
   900  -62.0000  5.24065217e-02
   900  -61.5000  3.91060187e-02
   900  -61.0000  4.01459773e-02
   900  -60.5000  4.13373889e-02
   900  -60.0000  4.25295362e-02
   900  -59.5000  4.37161730e-02
   900  -59.0000  4.48837022e-02
   900  -58.5000  4.60660678e-02
   900  -58.0000  4.74445607e-02
   900  -57.5000  4.91493753e-02
   900  -57.0000  5.05113543e-02
   900  -56.5000  5.16130079e-02
   900  -56.0000  5.15490920e-02
   900  -55.5000  5.24696422e-02
   900  -55.0000  5.33302190e-02
   900  -54.5000  5.41264134e-02
   900  -54.0000  5.48542217e-02
   900  -53.5000  5.55100398e-02
   900  -53.0000  5.60906731e-02
   900  -52.5000  5.65933402e-02
   900  -52.0000  5.70156751e-02
   900  -51.5000  5.73557281e-02
   900  -51.0000  5.76119625e-02
   900  -50.5000  5.77832626e-02
   900  -50.0000  5.78689242e-02
   900  -49.5000  5.78686415e-02
   900  -49.0000  5.77825209e-02
   900  -48.5000  5.76110615e-02
   900  -48.0000  5.73551504e-02
   900  -47.5000  5.70160526e-02
   900  -47.0000  5.65953968e-02
   900  -46.5000  5.60951750e-02
   900  -46.0000  5.55177043e-02
   900  -45.5000  5.48656332e-02
   900  -45.0000  5.41419090e-02
   900  -44.5000  5.33497601e-02
   900  -44.0000  5.42917495e-02
   900  -43.5000  5.33280915e-02
   900  -43.0000  5.23040411e-02
   900  -42.5000  5.12242911e-02
   900  -42.0000  4.90986306e-02
   900  -41.5000  4.71180346e-02
   900  -41.0000  4.58181660e-02
   900  -40.5000  6.09563695e-02
   900  -40.0000  9.15295355e-02
   900  -39.5000  1.37079434e-01
   900  -39.0000  1.95705747e-01
   900  -38.5000  2.73477780e-01
   900  -38.0000  3.73954336e-01
   900  -37.5000  4.92386185e-01
   900  -37.0000  6.46209291e-01
   900  -36.5000  8.30748068e-01
   900  -36.0000  1.04719500e+00
   900  -35.5000  1.29609352e+00
   900  -35.0000  1.59043227e+00
   900  -34.5000  1.90748165e+00
   900  -34.0000  2.26772206e+00
   900  -33.5000  2.69290766e+00
   900  -33.0000  3.18188513e+00
   900  -32.5000  2.42598736e+00
   900  -32.0000  2.02544911e+00
   900  -31.5000  1.76615920e+00
   900  -31.0000  1.56912353e+00
   900  -30.5000  1.40856383e+00
   900  -30.0000  1.29358289e+00
   900  -29.5000  1.20282158e+00
   900  -29.0000  1.13009148e+00
   900  -28.5000  1.07114264e+00
   900  -28.0000  1.02299636e+00
   900  -27.5000  9.94575172e-01
   900  -27.0000  9.62301317e-01
   900  -26.5000  9.36196237e-01
   900  -26.0000  9.15494136e-01
   900  -25.5000  8.99627237e-01
   900  -25.0000  8.88146752e-01
   900  -24.5000  8.80664541e-01
   900  -24.0000  8.76814157e-01
   900  -23.5000  8.76229573e-01
   900  -23.0000  8.78538983e-01
   900  -22.5000  8.83368070e-01
   900  -22.0000  8.90349131e-01
   900  -21.5000  8.99130906e-01
   900  -21.0000  9.09386584e-01
   900  -20.5000  9.20818793e-01
   900  -20.0000  9.33161787e-01
   900  -19.5000  9.46180539e-01
   900  -19.0000  9.59668789e-01
   900  -18.5000  9.73445700e-01
   900  -18.0000  9.87352248e-01
   900  -17.5000  1.00124826e+00
   900  -17.0000  1.01500919e+00
   900  -16.5000  1.02852394e+00
   900  -16.0000  1.04169286e+00
   900  -15.5000  1.05442638e+00
   900  -15.0000  1.06664389e+00
   900  -14.5000  1.07827312e+00
   900  -14.0000  1.08924945e+00
   900  -13.5000  1.09951578e+00
   900  -13.0000  1.10902214e+00
   900  -12.5000  1.11772564e+00
   900  -12.0000  1.10275733e+00
   900  -11.5000  1.10939514e+00
   900  -11.0000  1.11516752e+00
   900  -10.5000  1.12005983e+00
   900  -10.0000  1.12406388e+00
   900   -9.5000  1.12717795e+00
   900   -9.0000  1.12940659e+00
   900   -8.5000  1.13076059e+00
   900   -8.0000  1.13125677e+00
   900   -7.5000  1.13091783e+00
   900   -7.0000  1.12977212e+00
   900   -6.5000  1.12785338e+00
   900   -6.0000  1.12520041e+00
   900   -5.5000  1.12185671e+00
   900   -5.0000  1.11787001e+00
   900   -4.5000  1.11329180e+00
   900   -4.0000  1.13355861e+00
   900   -3.5000  1.12790280e+00
   900   -3.0000  1.12180512e+00
   900   -2.5000  1.11532741e+00
   900   -2.0000  1.10853225e+00
   900   -1.5000  1.10148209e+00
   900   -1.0000  1.09423868e+00
   900   -0.5000  1.08686228e+00
   900    0.0000  1.07941103e+00
   900    0.5000  1.07194028e+00
   900    1.0000  1.06450196e+00
   900    1.5000  1.05714398e+00
   900    2.0000  1.04990971e+00
   900    2.5000  1.04283741e+00
   900    3.0000  1.03595978e+00
   900    3.5000  1.02930351e+00
   900    4.0000  1.02288894e+00
   900    4.5000  1.01672971e+00
   900    5.0000  1.01083253e+00
   900    5.5000  1.00519706e+00
   900    6.0000  9.99815840e-01
   900    6.5000  9.94674437e-01
   900    7.0000  9.89751686e-01
   900    7.5000  9.85020105e-01
   900    8.0000  9.80446447e-01
   900    8.5000  9.75992523e-01
   900    9.0000  9.71616069e-01
   900    9.5000  9.67272176e-01
   900   10.0000  9.62914185e-01
   900   10.5000  9.58495428e-01
   900   11.0000  9.53970801e-01
   900   11.5000  9.49298518e-01
   900   12.0000  9.44441979e-01
   900   12.5000  9.39371739e-01
   900   13.0000  9.34067525e-01
   900   13.5000  9.28520367e-01
   900   14.0000  9.05870758e-01
   900   14.5000  9.00230614e-01
   900   15.0000  8.94416502e-01
   900   15.5000  8.88485094e-01
   900   16.0000  8.82515276e-01
   900   16.5000  8.76610404e-01
   900   17.0000  8.70900438e-01
   900   17.5000  8.65543923e-01
   900   18.0000  8.60729280e-01
   900   18.5000  8.56675428e-01
   900   19.0000  8.53631060e-01
   900   19.5000  8.51872440e-01
   900   20.0000  8.51699550e-01
   900   20.5000  8.53430829e-01
   900   21.0000  8.57397551e-01
   900   21.5000  8.75846171e-01
   900   22.0000  8.85143915e-01
   900   22.5000  8.97763431e-01
   900   23.0000  9.14100405e-01
   900   23.5000  9.34612020e-01
   900   24.0000  9.59862182e-01
   900   24.5000  9.90583938e-01
   900   25.0000  1.02776201e+00
   900   25.5000  1.06117047e+00
   900   26.0000  1.11569087e+00
   900   26.5000  1.18241564e+00
   900   27.0000  1.26497205e+00
   900   27.5000  1.36855545e+00
   900   28.0000  1.50083256e+00
   900   28.5000  1.68621496e+00
   900   29.0000  1.90672205e+00
   900   29.5000  2.23739511e+00
   900   30.0000  2.77356675e+00
   900   30.5000  3.03827121e+00
   900   31.0000  2.46262482e+00
   900   31.5000  2.07354578e+00
   900   32.0000  1.75042005e+00
   900   32.5000  1.43905474e+00
   900   33.0000  1.17389043e+00
   900   33.5000  9.41039112e-01
   900   34.0000  7.40158965e-01
   900   34.5000  5.70512326e-01
   900   35.0000  4.38164996e-01
   900   35.5000  3.24273563e-01
   900   36.0000  2.34807087e-01
   900   36.5000  1.66375324e-01
   900   37.0000  1.13919396e-01
   900   37.5000  7.56986259e-02
   900   38.0000  5.03231986e-02
   900   38.5000  4.65164556e-02
   900   39.0000  4.82497659e-02
   900   39.5000  5.08183872e-02
   900   40.0000  5.19288812e-02
   900   40.5000  5.29859254e-02
   900   41.0000  5.39846295e-02
   900   41.5000  5.30545517e-02
   900   42.0000  5.38819523e-02
   900   42.5000  5.46421023e-02
   900   43.0000  5.53315495e-02
   900   43.5000  5.59471180e-02
   900   44.0000  5.64859318e-02
   900   44.5000  5.69454327e-02
   900   45.0000  5.73234127e-02
   900   45.5000  5.76180086e-02
   900   46.0000  5.78277405e-02
   900   46.5000  5.79515125e-02
   900   47.0000  5.79886282e-02
   900   47.5000  5.79387980e-02
   900   48.0000  5.78021612e-02
   900   48.5000  5.75792742e-02
   900   49.0000  5.72711272e-02
   900   49.5000  5.68791554e-02
   900   50.0000  5.64052340e-02
   900   50.5000  5.58516847e-02
   900   51.0000  5.52212767e-02
   900   51.5000  5.45172281e-02
   900   52.0000  5.37432041e-02
   900   52.5000  5.29033106e-02
   900   53.0000  5.20021015e-02
   900   53.5000  5.21432947e-02
   900   54.0000  5.10565346e-02
   900   54.5000  4.99266668e-02
   900   55.0000  4.81736383e-02
   900   55.5000  4.66500952e-02
   900   56.0000  4.54258909e-02
   900   56.5000  4.42776854e-02
   900   57.0000  4.31100720e-02
   900   57.5000  4.19395738e-02
   900   58.0000  4.07735327e-02
   900   58.5000  3.96168228e-02
   900   59.0000  4.74600485e-02
   900   59.5000  6.23495789e-02
   900   60.0000  8.03400573e-02
   900   60.5000  1.01436378e-01
   900   61.0000  1.25501200e-01
   900   61.5000  1.52212467e-01
   900   62.0000  1.81088433e-01
   900   62.5000  2.11497276e-01
   900   63.0000  2.42695482e-01
   900   63.5000  2.73875602e-01
   900   64.0000  3.04218418e-01
   900   64.5000  3.32943859e-01
   900   65.0000  3.59352266e-01
   900   65.5000  3.82867487e-01
   900   66.0000  4.03035608e-01
   900   66.5000  4.19588460e-01
   900   67.0000  4.32360239e-01
   900   67.5000  4.41379685e-01
   900   68.0000  4.46774613e-01
   900   68.5000  4.48789026e-01
   900   69.0000  4.47753253e-01
   900   69.5000  4.44067896e-01
   900   70.0000  4.38147782e-01
   900   70.5000  4.30449896e-01
   900   71.0000  4.21434088e-01
   900   71.5000  4.11530581e-01
   900   72.0000  4.01140092e-01
   900   72.5000  3.90643912e-01
   900   73.0000  3.80371098e-01
   900   73.5000  3.70615051e-01
   900   74.0000  3.61628605e-01
   900   74.5000  3.53627891e-01
   900   75.0000  3.46797657e-01
   900   75.5000  3.41296161e-01
   900   76.0000  3.37262035e-01
   900   76.5000  3.34820631e-01
   900   77.0000  3.34090613e-01
   900   77.5000  3.35190372e-01
   900   78.0000  3.38244226e-01
   900   78.5000  3.43388377e-01
   900   79.0000  3.50776656e-01
   900   79.5000  3.93362529e-01
   900   80.0000  4.34693408e-01
