# rpm angle_deg Fh_N
   300  -84.0000  4.62370876e-03
   300  -83.5000  4.50953708e-03
   300  -83.0000  4.47617288e-03
   300  -82.5000  4.49588108e-03
   300  -82.0000  4.51940673e-03
   300  -81.5000  4.55001352e-03
   300  -81.0000  4.55231402e-03
   300  -80.5000  4.59518649e-03
   300  -80.0000  4.64183721e-03
   300  -79.5000  4.69152525e-03
   300  -79.0000  4.74401687e-03
   300  -78.5000  4.79949115e-03
   300  -78.0000  4.85368297e-03
   300  -77.5000  4.90116618e-03
   300  -77.0000  4.94800090e-03
   300  -76.5000  4.99518867e-03
   300  -76.0000  5.03557610e-03
   300  -75.5000  5.22270123e-03
   300  -75.0000  5.27712625e-03
   300  -74.5000  5.32640138e-03
   300  -74.0000  5.36796804e-03
   300  -73.5000  5.40252470e-03
   300  -73.0000  5.42633358e-03
   300  -72.5000  5.43898070e-03
   300  -72.0000  5.43906353e-03
   300  -71.5000  5.42538086e-03
   300  -71.0000  5.39591167e-03
   300  -70.5000  5.35104629e-03
   300  -70.0000  5.17763016e-03
   300  -69.5000  5.12748644e-03
   300  -69.0000  5.05240017e-03
   300  -68.5000  4.95235411e-03
   300  -68.0000  4.84130172e-03
   300  -67.5000  4.77774982e-03
   300  -67.0000  4.73208608e-03
   300  -66.5000  4.72930776e-03
   300  -66.0000  4.72135038e-03
   300  -65.5000  4.70881347e-03
   300  -65.0000  4.69049502e-03
   300  -64.5000  4.58715461e-03
   300  -64.0000  4.55696931e-03
   300  -63.5000  4.51813285e-03
   300  -63.0000  4.47062912e-03
   300  -62.5000  4.41473422e-03
   300  -62.0000  4.35098267e-03
   300  -61.5000  4.28339824e-03
   300  -61.0000  4.22882307e-03
   300  -60.5000  4.16786904e-03
   300  -60.0000  4.15518579e-03
   300  -59.5000  4.20447878e-03
   300  -59.0000  4.09883473e-03
   300  -58.5000  4.00600444e-03
   300  -58.0000  3.91576621e-03
   300  -57.5000  3.83283889e-03
   300  -57.0000  3.34682039e-03
   300  -56.5000  3.69972521e-03
   300  -56.0000  3.06923616e-03
   300  -55.5000  3.59705476e-03
   300  -55.0000  3.55761150e-03
   300  -54.5000  2.79872268e-03
   300  -54.0000  2.72982530e-03
   300  -53.5000  3.49453278e-03
   300  -53.0000  3.49331226e-03
   300  -52.5000  3.50245046e-03
   300  -52.0000  2.76783741e-03
   300  -51.5000  2.82668175e-03
   300  -51.0000  2.92254475e-03
   300  -50.5000  3.65994172e-03
   300  -50.0000  3.16719198e-03
   300  -49.5000  3.31946877e-03
   300  -49.0000  3.92133795e-03
   300  -48.5000  4.03952803e-03
   300  -48.0000  4.19076727e-03
   300  -47.5000  4.36519798e-03
   300  -47.0000  4.59585886e-03
   300  -46.5000  4.40735778e-03
   300  -46.0000  4.68016389e-03
   300  -45.5000  4.96914992e-03
   300  -45.0000  5.20772396e-03
   300  -44.5000  5.28108104e-03
   300  -44.0000  5.53773875e-03
   300  -43.5000  5.80952244e-03
   300  -43.0000  6.09113849e-03
   300  -42.5000  6.38107269e-03
   300  -42.0000  6.67522249e-03
   300  -41.5000  6.97201112e-03
   300  -41.0000  7.26700851e-03
   300  -40.5000  7.53378871e-03
   300  -40.0000  7.78951847e-03
   300  -39.5000  8.08787702e-03
   300  -39.0000  8.28127005e-03
   300  -38.5000  8.62577599e-03
   300  -38.0000  8.93687258e-03
   300  -37.5000  9.31413627e-03
   300  -37.0000  9.79301519e-03
   300  -36.5000  1.08602420e-02
   300  -36.0000  1.26366526e-02
   300  -35.5000  1.38770353e-02
   300  -35.0000  1.61947826e-02
   300  -34.5000  1.96613035e-02
   300  -34.0000  2.90926108e-02
   300  -33.5000  5.14361769e-01
   300  -33.0000  3.36918967e-01
   300  -32.5000  4.27453405e-01
   300  -32.0000  2.91008961e-02
   300  -31.5000  2.11270373e-02
   300  -31.0000  1.83079679e-02
   300  -30.5000  1.91364248e-02
   300  -30.0000  1.50690849e-02
   300  -29.5000  1.40458310e-02
   300  -29.0000  1.57420621e-02
   300  -28.5000  1.51611398e-02
   300  -28.0000  1.47581739e-02
   300  -27.5000  1.43978325e-02
   300  -27.0000  1.41379859e-02
   300  -26.5000  1.39621861e-02
   300  -26.0000  1.38582464e-02
   300  -25.5000  1.38147592e-02
   300  -25.0000  1.08211718e-02
   300  -24.5000  1.07912217e-02
   300  -24.0000  1.07999816e-02
   300  -23.5000  1.08432064e-02
   300  -23.0000  1.09172718e-02
   300  -22.5000  1.10185514e-02
   300  -22.0000  1.11432951e-02
   300  -21.5000  1.12884284e-02
   300  -21.0000  1.50247581e-02
   300  -20.5000  1.52593251e-02
   300  -20.0000  1.55048822e-02
   300  -19.5000  1.57612384e-02
   300  -19.0000  1.60234074e-02
   300  -18.5000  1.62918409e-02
   300  -18.0000  1.65643611e-02
   300  -17.5000  1.68385778e-02
   300  -17.0000  1.71129521e-02
   300  -16.5000  1.73851067e-02
   300  -16.0000  1.76402018e-02
   300  -15.5000  1.78786495e-02
   300  -15.0000  1.81117899e-02
   300  -14.5000  1.83391746e-02
   300  -14.0000  1.85585060e-02
   300  -13.5000  1.87689519e-02
   300  -13.0000  1.89692923e-02
   300  -12.5000  1.91537758e-02
   300  -12.0000  1.93214774e-02
   300  -11.5000  1.94744950e-02
   300  -11.0000  1.96137799e-02
   300  -10.5000  1.97392985e-02
   300  -10.0000  1.98510350e-02
   300   -9.5000  1.99491703e-02
   300   -9.0000  2.00337776e-02
   300   -8.5000  2.01050018e-02
   300   -8.0000  2.01628774e-02
   300   -7.5000  2.02076384e-02
   300   -7.0000  2.02395144e-02
   300   -6.5000  2.02586927e-02
   300   -6.0000  2.02656113e-02
   300   -5.5000  2.02605337e-02
   300   -5.0000  2.02436607e-02
   300   -4.5000  2.02156197e-02
   300   -4.0000  2.01762986e-02
   300   -3.5000  2.01259873e-02
   300   -3.0000  2.00629522e-02
   300   -2.5000  1.99881866e-02
   300   -2.0000  1.99071566e-02
   300   -1.5000  1.98200990e-02
   300   -1.0000  1.97284212e-02
   300   -0.5000  1.96329297e-02
   300    0.0000  1.95345138e-02
   300    0.5000  1.94339946e-02
   300    1.0000  1.93321464e-02
   300    1.5000  1.92289345e-02
   300    2.0000  1.91258780e-02
   300    2.5000  1.90228414e-02
   300    3.0000  1.89193417e-02
   300    3.5000  1.88069680e-02
   300    4.0000  1.86901520e-02
   300    4.5000  1.85743857e-02
   300    5.0000  1.84591555e-02
   300    5.5000  1.83447706e-02
   300    6.0000  1.82316205e-02
   300    6.5000  1.81189133e-02
   300    7.0000  1.80073158e-02
   300    7.5000  1.78944046e-02
   300    8.0000  1.77807360e-02
   300    8.5000  1.76658111e-02
   300    9.0000  1.75497639e-02
   300    9.5000  1.74304268e-02
   300   10.0000  1.73083980e-02
   300   10.5000  1.71845041e-02
   300   11.0000  1.70558591e-02
   300   11.5000  1.69231578e-02
   300   12.0000  1.67861052e-02
   300   12.5000  1.66445052e-02
   300   13.0000  1.64982777e-02
   300   13.5000  1.63474743e-02
   300   14.0000  1.19990638e-02
   300   14.5000  1.18915654e-02
   300   15.0000  1.17813460e-02
   300   15.5000  1.16692832e-02
   300   16.0000  1.15564952e-02
   300   16.5000  1.14438309e-02
   300   17.0000  1.13333048e-02
   300   17.5000  1.12264357e-02
   300   18.0000  1.11252789e-02
   300   18.5000  1.10321703e-02
   300   19.0000  1.09497209e-02
   300   19.5000  1.08810432e-02
   300   20.0000  1.08290057e-02
   300   20.5000  1.07973629e-02
   300   21.0000  1.07890243e-02
   300   21.5000  1.08081947e-02
   300   22.0000  1.08585113e-02
   300   22.5000  1.39666126e-02
   300   23.0000  1.40127517e-02
   300   23.5000  1.41124292e-02
   300   24.0000  1.42765907e-02
   300   24.5000  1.45165447e-02
   300   25.0000  1.48471201e-02
   300   25.5000  1.52070734e-02
   300   26.0000  1.57445329e-02
   300   26.5000  1.38963092e-02
   300   27.0000  1.48193132e-02
   300   27.5000  1.87102489e-02
   300   28.0000  1.76515779e-02
   300   28.5000  1.99973599e-02
   300   29.0000  2.57139019e-02
   300   29.5000  3.64997143e-02
   300   30.0000  5.25162208e-01
   300   30.5000  5.59249093e-01
   300   31.0000  4.11647641e-01
   300   31.5000  2.22457240e-02
   300   32.0000  1.79194079e-02
   300   32.5000  1.50828362e-02
   300   33.0000  1.35892597e-02
   300   33.5000  1.16087326e-02
   300   34.0000  1.04190349e-02
   300   34.5000  9.81630077e-03
   300   35.0000  9.18197891e-03
   300   35.5000  8.88991476e-03
   300   36.0000  8.56094863e-03
   300   36.5000  8.25253994e-03
   300   37.0000  8.03209875e-03
   300   37.5000  7.74821389e-03
   300   38.0000  7.48807863e-03
   300   38.5000  7.21000273e-03
   300   39.0000  6.91338210e-03
   300   39.5000  6.61573909e-03
   300   40.0000  6.32154341e-03
   300   40.5000  6.03444050e-03
   300   41.0000  5.75612156e-03
   300   41.5000  5.48870097e-03
   300   42.0000  5.25011630e-03
   300   42.5000  5.18665716e-03
   300   43.0000  4.92397335e-03
   300   43.5000  4.64593554e-03
   300   44.0000  4.77708494e-03
   300   44.5000  4.58942236e-03
   300   45.0000  4.36653073e-03
   300   45.5000  4.20285535e-03
   300   46.0000  4.05702093e-03
   300   46.5000  3.94820850e-03
   300   47.0000  3.38113533e-03
   300   47.5000  3.23716756e-03
   300   48.0000  3.70986874e-03
   300   48.5000  3.04487541e-03
   300   49.0000  2.98131283e-03
   300   49.5000  3.59626892e-03
   300   50.0000  3.58291293e-03
   300   50.5000  3.58159930e-03
   300   51.0000  2.91009244e-03
   300   51.5000  2.97149786e-03
   300   52.0000  3.63816507e-03
   300   52.5000  3.67624785e-03
   300   53.0000  3.20895279e-03
   300   53.5000  3.35404470e-03
   300   54.0000  3.83979621e-03
   300   54.5000  3.73401623e-03
   300   55.0000  4.00289478e-03
   300   55.5000  4.09520766e-03
   300   56.0000  4.18868453e-03
   300   56.5000  4.28756224e-03
   300   57.0000  4.21987570e-03
   300   57.5000  4.23264109e-03
   300   58.0000  4.29077090e-03
   300   58.5000  4.34910573e-03
   300   59.0000  4.41686528e-03
   300   59.5000  4.48019463e-03
   300   60.0000  4.53593254e-03
   300   60.5000  4.58354918e-03
   300   61.0000  4.62297807e-03
   300   61.5000  4.65409031e-03
   300   62.0000  4.67765908e-03
   300   62.5000  4.78316956e-03
   300   63.0000  4.79649564e-03
   300   63.5000  4.80484806e-03
   300   64.0000  4.80953852e-03
   300   64.5000  4.81013626e-03
   300   65.0000  4.80832165e-03
   300   65.5000  4.82227105e-03
   300   66.0000  4.86162168e-03
   300   66.5000  4.90946476e-03
   300   67.0000  4.89798033e-03
   300   67.5000  4.92404000e-03
   300   68.0000  4.93701606e-03
   300   68.5000  4.93820285e-03
   300   69.0000  4.92876989e-03
   300   69.5000  4.91010914e-03
   300   70.0000  4.88331873e-03
   300   70.5000  4.85082892e-03
   300   71.0000  4.81333692e-03
   300   71.5000  4.82233672e-03
   300   72.0000  4.78233190e-03
   300   72.5000  4.74850155e-03
   300   73.0000  4.72118205e-03
   300   73.5000  4.69945811e-03
   300   74.0000  4.68732305e-03
   300   74.5000  4.68067030e-03
   300   75.0000  4.67415012e-03
   300   75.5000  4.66859508e-03
   300   76.0000  4.66336058e-03
   300   76.5000  4.65897092e-03
   300   77.0000  4.65554988e-03
   300   77.5000  4.65317278e-03
   300   78.0000  4.65185487e-03
   300   78.5000  4.65154136e-03
   300   79.0000  4.65172943e-03
   300   79.5000  4.70946810e-03
   300   80.0000  4.80347255e-03
   500  -84.0000  5.96297074e-03
   500  -83.5000  5.93253963e-03
   500  -83.0000  5.90251804e-03
   500  -82.5000  5.92095903e-03
   500  -82.0000  5.94073264e-03
   500  -81.5000  5.96197152e-03
   500  -81.0000  5.98401774e-03
   500  -80.5000  6.00698124e-03
   500  -80.0000  6.03066923e-03
   500  -79.5000  6.05486686e-03
   500  -79.0000  6.07934294e-03
   500  -78.5000  6.10385691e-03
   500  -78.0000  6.12738576e-03
   500  -77.5000  6.14977441e-03
   500  -77.0000  6.17131213e-03
   500  -76.5000  6.19185917e-03
   500  -76.0000  6.21346075e-03
   500  -75.5000  6.33796774e-03
   500  -75.0000  6.36493817e-03
   500  -74.5000  6.38949041e-03
   500  -74.0000  6.40973074e-03
   500  -73.5000  6.42941587e-03
   500  -73.0000  6.44470520e-03
   500  -72.5000  6.45749578e-03
   500  -72.0000  6.46762351e-03
   500  -71.5000  6.47470274e-03
   500  -71.0000  6.47605466e-03
   500  -70.5000  6.47282373e-03
   500  -70.0000  6.35538407e-03
   500  -69.5000  6.35048360e-03
   500  -69.0000  6.34073009e-03
   500  -68.5000  6.32341219e-03
   500  -68.0000  6.29830102e-03
   500  -67.5000  6.26401960e-03
   500  -67.0000  6.21936993e-03
   500  -66.5000  6.16325204e-03
   500  -66.0000  6.09462172e-03
   500  -65.5000  6.01763995e-03
   500  -65.0000  5.93781276e-03
   500  -64.5000  6.09028539e-03
   500  -64.0000  5.98875646e-03
   500  -63.5000  5.84171698e-03
   500  -63.0000  4.13081828e-03
   500  -62.5000  5.54012739e-03
   500  -62.0000  3.25945675e-03
   500  -61.5000  3.06597105e-03
   500  -61.0000  4.97580056e-03
   500  -60.5000  4.65438537e-03
   500  -60.0000  2.48186522e-03
   500  -59.5000  3.98814432e-03
   500  -59.0000  2.45898535e-03
   500  -58.5000  2.50788244e-03
   500  -58.0000  2.57205461e-03
   500  -57.5000  2.91304165e-03
   500  -57.0000  3.54050521e-03
   500  -56.5000  4.06277137e-03
   500  -56.0000  2.60757597e-03
   500  -55.5000  4.58707382e-03
   500  -55.0000  3.51786866e-03
   500  -54.5000  4.81784126e-03
   500  -54.0000  4.93214922e-03
   500  -53.5000  4.76293944e-03
   500  -53.0000  5.19315812e-03
   500  -52.5000  5.36105269e-03
   500  -52.0000  5.55408384e-03
   500  -51.5000  5.65820461e-03
   500  -51.0000  5.76807522e-03
   500  -50.5000  5.87015131e-03
   500  -50.0000  5.96122280e-03
   500  -49.5000  5.41685245e-03
   500  -49.0000  5.47206533e-03
   500  -48.5000  6.12280651e-03
   500  -48.0000  6.14152067e-03
   500  -47.5000  6.14625319e-03
   500  -47.0000  6.12942426e-03
   500  -46.5000  6.10976975e-03
   500  -46.0000  6.04223474e-03
   500  -45.5000  5.98020924e-03
   500  -45.0000  5.93119500e-03
   500  -44.5000  5.90344817e-03
   500  -44.0000  6.14651173e-03
   500  -43.5000  6.56581085e-03
   500  -43.0000  7.06005151e-03
   500  -42.5000  7.20508263e-03
   500  -42.0000  7.95536713e-03
   500  -41.5000  8.31744141e-03
   500  -41.0000  8.68108493e-03
   500  -40.5000  8.93749183e-03
   500  -40.0000  9.48201839e-03
   500  -39.5000  1.00295685e-02
   500  -39.0000  1.05721880e-02
   500  -38.5000  1.11008224e-02
   500  -38.0000  1.16073538e-02
   500  -37.5000  1.21784193e-02
   500  -37.0000  1.26993132e-02
   500  -36.5000  1.32331004e-02
   500  -36.0000  1.43982655e-02
   500  -35.5000  1.65370344e-02
   500  -35.0000  1.86837382e-02
   500  -34.5000  2.28396514e-02
   500  -34.0000  2.96151461e-02
   500  -33.5000  6.14938450e-01
   500  -33.0000  1.09067157e-01
   500  -32.5000  4.90790826e-02
   500  -32.0000  2.99361688e-02
   500  -31.5000  2.43401662e-02
   500  -31.0000  2.09664844e-02
   500  -30.5000  1.87123426e-02
   500  -30.0000  1.90448225e-02
   500  -29.5000  1.77109562e-02
   500  -29.0000  1.49342554e-02
   500  -28.5000  1.42283795e-02
   500  -28.0000  1.36578980e-02
   500  -27.5000  1.32075937e-02
   500  -27.0000  1.28518822e-02
   500  -26.5000  1.25764964e-02
   500  -26.0000  1.23710492e-02
   500  -25.5000  1.22275548e-02
   500  -25.0000  1.21398733e-02
   500  -24.5000  1.21028505e-02
   500  -24.0000  1.21117272e-02
   500  -23.5000  1.21611394e-02
   500  -23.0000  1.22461541e-02
   500  -22.5000  1.23627352e-02
   500  -22.0000  1.25068459e-02
   500  -21.5000  1.26749457e-02
   500  -21.0000  1.28632863e-02
   500  -20.5000  1.30684795e-02
   500  -20.0000  1.32872627e-02
   500  -19.5000  1.35163644e-02
   500  -19.0000  1.37532090e-02
   500  -18.5000  1.39950752e-02
   500  -18.0000  1.42398077e-02
   500  -17.5000  1.44852906e-02
   500  -17.0000  1.47295724e-02
   500  -16.5000  1.49708666e-02
   500  -16.0000  1.52075203e-02
   500  -15.5000  1.54380117e-02
   500  -15.0000  1.56608585e-02
   500  -14.5000  1.58749601e-02
   500  -14.0000  1.60789943e-02
   500  -13.5000  1.62719995e-02
   500  -13.0000  1.64530438e-02
   500  -12.5000  1.66215297e-02
   500  -12.0000  1.67767328e-02
   500  -11.5000  1.69178422e-02
   500  -11.0000  1.70443184e-02
   500  -10.5000  1.71558644e-02
   500  -10.0000  1.72521817e-02
   500   -9.5000  1.73331248e-02
   500   -9.0000  1.73986126e-02
   500   -8.5000  1.74486268e-02
   500   -8.0000  1.74833202e-02
   500   -7.5000  1.75029824e-02
   500   -7.0000  1.75080484e-02
   500   -6.5000  1.74990502e-02
   500   -6.0000  1.74766483e-02
   500   -5.5000  1.74415150e-02
   500   -5.0000  1.73943543e-02
   500   -4.5000  1.73360143e-02
   500   -4.0000  1.72672799e-02
   500   -3.5000  1.71891707e-02
   500   -3.0000  1.71026578e-02
   500   -2.5000  1.70087571e-02
   500   -2.0000  1.69084056e-02
   500   -1.5000  1.68024562e-02
   500   -1.0000  1.66919649e-02
   500   -0.5000  1.65778998e-02
   500    0.0000  1.64611965e-02
   500    0.5000  1.63427471e-02
   500    1.0000  1.62233909e-02
   500    1.5000  1.61038943e-02
   500    2.0000  1.59849604e-02
   500    2.5000  1.58672080e-02
   500    3.0000  1.57511625e-02
   500    3.5000  1.56371992e-02
   500    4.0000  1.55257473e-02
   500    4.5000  1.54169537e-02
   500    5.0000  1.53110055e-02
   500    5.5000  1.52077628e-02
   500    6.0000  1.51071762e-02
   500    6.5000  1.50090797e-02
   500    7.0000  1.49131378e-02
   500    7.5000  1.48188578e-02
   500    8.0000  1.47260398e-02
   500    8.5000  1.46337375e-02
   500    9.0000  1.45414796e-02
   500    9.5000  1.44488041e-02
   500   10.0000  1.43546856e-02
   500   10.5000  1.42586626e-02
   500   11.0000  1.41601248e-02
   500   11.5000  1.40585203e-02
   500   12.0000  1.39535186e-02
   500   12.5000  1.38444270e-02
   500   13.0000  1.37312875e-02
   500   13.5000  1.36140473e-02
   500   14.0000  1.34928296e-02
   500   14.5000  1.33678336e-02
   500   15.0000  1.32400565e-02
   500   15.5000  1.31102279e-02
   500   16.0000  1.29795517e-02
   500   16.5000  1.28492842e-02
   500   17.0000  1.27216174e-02
   500   17.5000  1.25984985e-02
   500   18.0000  1.24822117e-02
   500   18.5000  1.23753720e-02
   500   19.0000  1.22811100e-02
   500   19.5000  1.22024145e-02
   500   20.0000  1.21431711e-02
   500   20.5000  1.21070804e-02
   500   21.0000  1.20981777e-02
   500   21.5000  1.21209964e-02
   500   22.0000  1.21807845e-02
   500   22.5000  1.22843222e-02
   500   23.0000  1.24351480e-02
   500   23.5000  1.26399285e-02
   500   24.0000  1.29061481e-02
   500   24.5000  1.32439649e-02
   500   25.0000  1.36663932e-02
   500   25.5000  1.41970486e-02
   500   26.0000  1.48464364e-02
   500   26.5000  1.75545118e-02
   500   27.0000  1.87552812e-02
   500   27.5000  2.03349747e-02
   500   28.0000  2.01757269e-02
   500   28.5000  2.56929933e-02
   500   29.0000  2.74150758e-02
   500   29.5000  3.55998957e-02
   500   30.0000  7.72556772e-01
   500   30.5000  8.77693509e-01
   500   31.0000  3.55769008e-02
   500   31.5000  2.59408523e-02
   500   32.0000  2.17131113e-02
   500   32.5000  1.73571332e-02
   500   33.0000  1.55664892e-02
   500   33.5000  1.38038300e-02
   500   34.0000  1.31039685e-02
   500   34.5000  1.25868096e-02
   500   35.0000  1.20274785e-02
   500   35.5000  1.14842811e-02
   500   36.0000  1.09644744e-02
   500   36.5000  1.04252409e-02
   500   37.0000  9.87621439e-03
   500   37.5000  9.32600355e-03
   500   38.0000  8.95556210e-03
   500   38.5000  8.58908718e-03
   500   39.0000  8.22387635e-03
   500   39.5000  7.79646393e-03
   500   40.0000  7.01015260e-03
   500   40.5000  6.92426446e-03
   500   41.0000  6.44792011e-03
   500   41.5000  4.73626480e-03
   500   42.0000  5.03331345e-03
   500   42.5000  5.56464993e-03
   500   43.0000  6.09317258e-03
   500   43.5000  6.18734036e-03
   500   44.0000  6.21825175e-03
   500   44.5000  6.23388877e-03
   500   45.0000  5.66060186e-03
   500   45.5000  5.64150821e-03
   500   46.0000  5.60863007e-03
   500   46.5000  5.54318605e-03
   500   47.0000  5.48108466e-03
   500   47.5000  6.01645653e-03
   500   48.0000  5.91618751e-03
   500   48.5000  5.80545098e-03
   500   49.0000  5.68771904e-03
   500   49.5000  5.57267504e-03
   500   50.0000  5.37300343e-03
   500   50.5000  5.02216212e-03
   500   51.0000  4.66315719e-03
   500   51.5000  4.94125264e-03
   500   52.0000  4.82361582e-03
   500   52.5000  3.30309388e-03
   500   53.0000  4.59162144e-03
   500   53.5000  2.52042582e-03
   500   54.0000  3.79531614e-03
   500   54.5000  2.57828026e-03
   500   55.0000  3.34951153e-03
   500   55.5000  3.54038732e-03
   500   56.0000  2.46612169e-03
   500   56.5000  2.46312119e-03
   500   57.0000  4.40341733e-03
   500   57.5000  4.71239926e-03
   500   58.0000  2.92055532e-03
   500   58.5000  3.21389886e-03
   500   59.0000  5.44223954e-03
   500   59.5000  3.87134020e-03
   500   60.0000  4.29599118e-03
   500   60.5000  5.89254655e-03
   500   61.0000  6.03045365e-03
   500   61.5000  6.13761333e-03
   500   62.0000  5.97844808e-03
   500   62.5000  6.05309856e-03
   500   63.0000  6.11834631e-03
   500   63.5000  6.18482726e-03
   500   64.0000  6.23976408e-03
   500   64.5000  6.28351781e-03
   500   65.0000  6.31762078e-03
   500   65.5000  6.34299793e-03
   500   66.0000  6.36079721e-03
   500   66.5000  6.37199409e-03
   500   67.0000  6.37741287e-03
   500   67.5000  6.37823766e-03
   500   68.0000  6.37477660e-03
   500   68.5000  6.36779896e-03
   500   69.0000  6.35777292e-03
   500   69.5000  6.34508399e-03
   500   70.0000  6.33006758e-03
   500   70.5000  6.31290473e-03
   500   71.0000  6.29412855e-03
   500   71.5000  6.27416098e-03
   500   72.0000  6.25322630e-03
   500   72.5000  6.23184827e-03
   500   73.0000  6.21048077e-03
   500   73.5000  6.18960022e-03
   500   74.0000  6.16953925e-03
   500   74.5000  6.15106322e-03
   500   75.0000  6.13429276e-03
   500   75.5000  6.12011649e-03
   500   76.0000  6.10844803e-03
   500   76.5000  6.10018896e-03
   500   77.0000  6.09506454e-03
   500   77.5000  6.09358960e-03
   500   78.0000  6.09563623e-03
   500   78.5000  6.10187284e-03
   500   79.0000  6.11173624e-03
   500   79.5000  6.17252194e-03
   500   80.0000  6.22143334e-03
   700  -84.0000  4.67910704e-03
   700  -83.5000  6.56996027e-03
   700  -83.0000  3.51160034e-03
   700  -82.5000  6.34133879e-03
   700  -82.0000  3.82581530e-03
   700  -81.5000  6.61109688e-03
   700  -81.0000  6.67467603e-03
   700  -80.5000  4.29604495e-03
   700  -80.0000  4.92801162e-03
   700  -79.5000  5.21042434e-03
   700  -79.0000  5.67908856e-03
   700  -78.5000  6.28213022e-03
   700  -78.0000  6.87263446e-03
   700  -77.5000  7.22214921e-03
   700  -77.0000  7.31182105e-03
   700  -76.5000  7.34561853e-03
   700  -76.0000  7.38541159e-03
   700  -75.5000  7.42294516e-03
   700  -75.0000  7.45785244e-03
   700  -74.5000  7.48819299e-03
   700  -74.0000  7.51682544e-03
   700  -73.5000  7.54022643e-03
   700  -73.0000  7.56137337e-03
   700  -72.5000  7.57654207e-03
   700  -72.0000  7.58693966e-03
   700  -71.5000  7.59195940e-03
   700  -71.0000  7.58910205e-03
   700  -70.5000  7.57911186e-03
   700  -70.0000  7.56076449e-03
   700  -69.5000  7.53261417e-03
   700  -69.0000  7.49154289e-03
   700  -68.5000  7.45296669e-03
   700  -68.0000  7.22898212e-03
   700  -67.5000  7.57237800e-03
   700  -67.0000  7.22652410e-03
   700  -66.5000  6.97142971e-03
   700  -66.0000  6.67517641e-03
   700  -65.5000  3.30396522e-03
   700  -65.0000  3.08658696e-03
   700  -64.5000  2.98271688e-03
   700  -64.0000  2.91253123e-03
   700  -63.5000  2.87891727e-03
   700  -63.0000  2.84156827e-03
   700  -62.5000  4.57466800e-03
   700  -62.0000  3.28552134e-03
   700  -61.5000  3.03991750e-03
   700  -61.0000  3.56705140e-03
   700  -60.5000  3.33637703e-03
   700  -60.0000  3.32195472e-03
   700  -59.5000  3.75732032e-03
   700  -59.0000  4.60052568e-03
   700  -58.5000  3.01700513e-03
   700  -58.0000  3.57649360e-03
   700  -57.5000  4.63502963e-03
   700  -57.0000  6.37712938e-03
   700  -56.5000  6.69926311e-03
   700  -56.0000  7.02030732e-03
   700  -55.5000  6.71578544e-03
   700  -55.0000  7.24732905e-03
   700  -54.5000  7.54545705e-03
   700  -54.0000  7.81345349e-03
   700  -53.5000  7.57961709e-03
   700  -53.0000  7.73817665e-03
   700  -52.5000  7.88517427e-03
   700  -52.0000  8.02127030e-03
   700  -51.5000  8.14314654e-03
   700  -51.0000  8.25302802e-03
   700  -50.5000  8.34902586e-03
   700  -50.0000  8.42674405e-03
   700  -49.5000  8.48779058e-03
   700  -49.0000  8.53692550e-03
   700  -48.5000  8.57402791e-03
   700  -48.0000  8.59834178e-03
   700  -47.5000  8.61062481e-03
   700  -47.0000  8.61064185e-03
   700  -46.5000  8.58822370e-03
   700  -46.0000  9.04674190e-03
   700  -45.5000  9.03797418e-03
   700  -45.0000  9.01822129e-03
   700  -44.5000  8.99116049e-03
   700  -44.0000  8.48031465e-03
   700  -43.5000  8.06981507e-03
   700  -43.0000  8.39201342e-03
   700  -42.5000  8.14964574e-03
   700  -42.0000  5.94997985e-03
   700  -41.5000  8.84720330e-03
   700  -41.0000  9.13346398e-03
   700  -40.5000  1.04406611e-02
   700  -40.0000  1.09941006e-02
   700  -39.5000  1.15512521e-02
   700  -39.0000  1.21206986e-02
   700  -38.5000  1.26051905e-02
   700  -38.0000  1.34019450e-02
   700  -37.5000  1.41829278e-02
   700  -37.0000  1.49355804e-02
   700  -36.5000  1.57695734e-02
   700  -36.0000  1.65753708e-02
   700  -35.5000  1.78743825e-02
   700  -35.0000  2.10548498e-02
   700  -34.5000  2.48337087e-02
   700  -34.0000  3.23101503e-02
   700  -33.5000  5.76578076e-02
   700  -33.0000  1.27438320e-01
   700  -32.5000  4.57978914e-02
   700  -32.0000  3.23318747e-02
   700  -31.5000  2.61560941e-02
   700  -31.0000  2.41862290e-02
   700  -30.5000  2.14432653e-02
   700  -30.0000  1.81026832e-02
   700  -29.5000  1.68143348e-02
   700  -29.0000  1.58191057e-02
   700  -28.5000  1.50196261e-02
   700  -28.0000  1.43570680e-02
   700  -27.5000  1.38331281e-02
   700  -27.0000  1.34609438e-02
   700  -26.5000  1.46634879e-02
   700  -26.0000  1.45146351e-02
   700  -25.5000  1.44290948e-02
   700  -25.0000  1.43975818e-02
   700  -24.5000  1.44115691e-02
   700  -24.0000  1.44650416e-02
   700  -23.5000  1.45531273e-02
   700  -23.0000  1.46715391e-02
   700  -22.5000  1.48163865e-02
   700  -22.0000  1.49838529e-02
   700  -21.5000  1.51709671e-02
   700  -21.0000  1.53751198e-02
   700  -20.5000  1.55941100e-02
   700  -20.0000  1.58258026e-02
   700  -19.5000  1.60686069e-02
   700  -19.0000  1.63202477e-02
   700  -18.5000  1.65795354e-02
   700  -18.0000  1.68442336e-02
   700  -17.5000  1.71127684e-02
   700  -17.0000  1.55545968e-02
   700  -16.5000  1.58328459e-02
   700  -16.0000  1.61063824e-02
   700  -15.5000  1.63645461e-02
   700  -15.0000  1.66100754e-02
   700  -14.5000  1.68459516e-02
   700  -14.0000  1.70708081e-02
   700  -13.5000  1.72835245e-02
   700  -13.0000  1.74830915e-02
   700  -12.5000  1.76693205e-02
   700  -12.0000  1.78419292e-02
   700  -11.5000  1.79992072e-02
   700  -11.0000  1.81402839e-02
   700  -10.5000  1.82646153e-02
   700  -10.0000  1.83718905e-02
   700   -9.5000  1.84618709e-02
   700   -9.0000  1.85344738e-02
   700   -8.5000  1.85897271e-02
   700   -8.0000  1.86278019e-02
   700   -7.5000  1.86490228e-02
   700   -7.0000  1.86538623e-02
   700   -6.5000  1.86429189e-02
   700   -6.0000  1.86168924e-02
   700   -5.5000  1.85765484e-02
   700   -5.0000  1.85227822e-02
   700   -4.5000  1.84565101e-02
   700   -4.0000  1.83788576e-02
   700   -3.5000  1.82910632e-02
   700   -3.0000  1.81949101e-02
   700   -2.5000  1.80910374e-02
   700   -2.0000  1.79799812e-02
   700   -1.5000  1.78628450e-02
   700   -1.0000  1.77407236e-02
   700   -0.5000  1.76147111e-02
   700    0.0000  1.74863898e-02
   700    0.5000  1.73568186e-02
   700    1.0000  1.72266991e-02
   700    1.5000  1.70966841e-02
   700    2.0000  1.69673842e-02
   700    2.5000  1.68393720e-02
   700    3.0000  1.67131582e-02
   700    3.5000  1.86525895e-02
   700    4.0000  1.85329028e-02
   700    4.5000  1.84160166e-02
   700    5.0000  1.83025325e-02
   700    5.5000  1.81913649e-02
   700    6.0000  1.80825112e-02
   700    6.5000  1.79758660e-02
   700    7.0000  1.78708454e-02
   700    7.5000  1.77669596e-02
   700    8.0000  1.76638604e-02
   700    8.5000  1.75605037e-02
   700    9.0000  1.74566558e-02
   700    9.5000  1.73515785e-02
   700   10.0000  1.72446561e-02
   700   10.5000  1.71356636e-02
   700   11.0000  1.70233305e-02
   700   11.5000  1.69075665e-02
   700   12.0000  1.67877918e-02
   700   12.5000  1.66638789e-02
   700   13.0000  1.65358597e-02
   700   13.5000  1.64036033e-02
   700   14.0000  1.62672557e-02
   700   14.5000  1.61271680e-02
   700   15.0000  1.39405580e-02
   700   15.5000  1.37992676e-02
   700   16.0000  1.36568085e-02
   700   16.5000  1.35147403e-02
   700   17.0000  1.33750566e-02
   700   17.5000  1.32399203e-02
   700   18.0000  1.31119583e-02
   700   18.5000  1.29943602e-02
   700   19.0000  1.28902106e-02
   700   19.5000  1.28031598e-02
   700   20.0000  1.27370033e-02
   700   20.5000  1.26958526e-02
   700   21.0000  1.45094125e-02
   700   21.5000  1.44901414e-02
   700   22.0000  1.44961508e-02
   700   22.5000  1.45403116e-02
   700   23.0000  1.46306483e-02
   700   23.5000  1.47779062e-02
   700   24.0000  1.35258161e-02
   700   24.5000  1.38793086e-02
   700   25.0000  1.43644894e-02
   700   25.5000  1.49842189e-02
   700   26.0000  1.57223040e-02
   700   26.5000  1.66297779e-02
   700   27.0000  1.77895928e-02
   700   27.5000  2.08804696e-02
   700   28.0000  2.32571086e-02
   700   28.5000  2.46503491e-02
   700   29.0000  3.23692898e-02
   700   29.5000  3.86215690e-02
   700   30.0000  8.74601743e-01
   700   30.5000  1.09938456e+00
   700   31.0000  3.88715655e-02
   700   31.5000  2.98824790e-02
   700   32.0000  2.35014961e-02
   700   32.5000  1.94499473e-02
   700   33.0000  1.72695707e-02
   700   33.5000  1.63562423e-02
   700   34.0000  1.55181378e-02
   700   34.5000  1.47219030e-02
   700   35.0000  1.39512651e-02
   700   35.5000  1.31562687e-02
   700   36.0000  1.23522305e-02
   700   36.5000  1.19540259e-02
   700   37.0000  1.13878058e-02
   700   37.5000  1.08276003e-02
   700   38.0000  9.98573640e-03
   700   38.5000  8.85385660e-03
   700   39.0000  8.62503417e-03
   700   39.5000  8.12472250e-03
   700   40.0000  8.38124706e-03
   700   40.5000  8.04958836e-03
   700   41.0000  8.41331608e-03
   700   41.5000  9.03990518e-03
   700   42.0000  9.09615463e-03
   700   42.5000  9.11994410e-03
   700   43.0000  9.13311126e-03
   700   43.5000  9.13838393e-03
   700   44.0000  8.69307752e-03
   700   44.5000  8.69879965e-03
   700   45.0000  8.69241780e-03
   700   45.5000  8.67379277e-03
   700   46.0000  8.64218280e-03
   700   46.5000  8.59896537e-03
   700   47.0000  8.54283524e-03
   700   47.5000  8.47464086e-03
   700   48.0000  8.39240997e-03
   700   48.5000  8.28865971e-03
   700   49.0000  8.16942231e-03
   700   49.5000  8.03827325e-03
   700   50.0000  7.89432153e-03
   700   50.5000  7.73828102e-03
   700   51.0000  8.02824854e-03
   700   51.5000  7.78548566e-03
   700   52.0000  7.52475467e-03
   700   52.5000  7.04790374e-03
   700   53.0000  7.18636080e-03
   700   53.5000  6.95162250e-03
   700   54.0000  6.56924207e-03
   700   54.5000  5.14909871e-03
   700   55.0000  4.08884287e-03
   700   55.5000  3.22613967e-03
   700   56.0000  2.90597921e-03
   700   56.5000  4.00943460e-03
   700   57.0000  3.33308357e-03
   700   57.5000  3.32994379e-03
   700   58.0000  3.57693979e-03
   700   58.5000  3.32611459e-03
   700   59.0000  3.31844885e-03
   700   59.5000  2.88210399e-03
   700   60.0000  5.07559518e-03
   700   60.5000  5.44495064e-03
   700   61.0000  2.99398423e-03
   700   61.5000  3.06487677e-03
   700   62.0000  3.14116715e-03
   700   62.5000  6.36842260e-03
   700   63.0000  6.67500240e-03
   700   63.5000  6.83861840e-03
   700   64.0000  4.51402983e-03
   700   64.5000  7.32374755e-03
   700   65.0000  7.60123132e-03
   700   65.5000  7.69172535e-03
   700   66.0000  7.74526161e-03
   700   66.5000  7.37725577e-03
   700   67.0000  7.45115995e-03
   700   67.5000  7.50107900e-03
   700   68.0000  7.50421193e-03
   700   68.5000  7.49727982e-03
   700   69.0000  7.44478581e-03
   700   69.5000  7.46648133e-03
   700   70.0000  7.37646740e-03
   700   70.5000  7.03801584e-03
   700   71.0000  6.85688215e-03
   700   71.5000  6.60797836e-03
   700   72.0000  7.58939225e-03
   700   72.5000  7.41545145e-03
   700   73.0000  7.34138847e-03
   700   73.5000  7.27915722e-03
   700   74.0000  7.08851668e-03
   700   74.5000  7.06952895e-03
   700   75.0000  6.90519048e-03
   700   75.5000  6.93810560e-03
   700   76.0000  4.15640870e-03
   700   76.5000  4.00618766e-03
   700   77.0000  3.96828478e-03
   700   77.5000  3.96386027e-03
   700   78.0000  4.07623634e-03
   700   78.5000  4.25340411e-03
   700   79.0000  6.85911501e-03
   700   79.5000  7.22930422e-03
   700   80.0000  6.75328581e-03
   900  -84.0000  3.47201336e-03
   900  -83.5000  3.48640021e-03
   900  -83.0000  3.49637724e-03
   900  -82.5000  3.50003380e-03
   900  -82.0000  3.50369681e-03
   900  -81.5000  3.50638277e-03
   900  -81.0000  3.50861025e-03
   900  -80.5000  3.50950254e-03
   900  -80.0000  3.51306931e-03
   900  -79.5000  3.51702202e-03
   900  -79.0000  3.52130570e-03
   900  -78.5000  3.48084085e-03
   900  -78.0000  3.32555766e-03
   900  -77.5000  4.04657336e-03
   900  -77.0000  3.36617624e-03
   900  -76.5000  4.68675746e-03
   900  -76.0000  5.03476577e-03
   900  -75.5000  2.96539404e-03
   900  -75.0000  3.01894638e-03
   900  -74.5000  5.89105251e-03
   900  -74.0000  3.05864972e-03
   900  -73.5000  6.39898584e-03
   900  -73.0000  6.66303891e-03
   900  -72.5000  6.85671253e-03
   900  -72.0000  6.85858431e-03
   900  -71.5000  6.69772159e-03
   900  -71.0000  6.28180402e-03
   900  -70.5000  3.24654348e-03
   900  -70.0000  6.15835720e-03
   900  -69.5000  3.04361610e-03
   900  -69.0000  3.04691423e-03
   900  -68.5000  3.05044723e-03
   900  -68.0000  3.10257950e-03
   900  -67.5000  3.53769397e-03
   900  -67.0000  3.67559021e-03
   900  -66.5000  3.66452877e-03
   900  -66.0000  3.67507021e-03
   900  -65.5000  3.68182943e-03
   900  -65.0000  3.69407919e-03
   900  -64.5000  3.70694226e-03
   900  -64.0000  3.68811572e-03
   900  -63.5000  3.67336567e-03
   900  -63.0000  3.66145591e-03
   900  -62.5000  3.66147389e-03
   900  -62.0000  3.66054338e-03
   900  -61.5000  3.64130747e-03
   900  -61.0000  3.51668235e-03
   900  -60.5000  5.11515615e-03
   900  -60.0000  6.53086900e-03
   900  -59.5000  7.43601742e-03
   900  -59.0000  6.33595831e-03
   900  -58.5000  8.25397559e-03
   900  -58.0000  8.10198982e-03
   900  -57.5000  8.87792141e-03
   900  -57.0000  9.21445179e-03
   900  -56.5000  9.53714462e-03
   900  -56.0000  9.35960318e-03
   900  -55.5000  9.64662967e-03
   900  -55.0000  9.92011689e-03
   900  -54.5000  1.01820833e-02
   900  -54.0000  1.04293736e-02
   900  -53.5000  1.06450592e-02
   900  -53.0000  1.08307297e-02
   900  -52.5000  1.10009647e-02
   900  -52.0000  1.11548510e-02
   900  -51.5000  1.12915790e-02
   900  -51.0000  1.14104320e-02
   900  -50.5000  1.15109449e-02
   900  -50.0000  1.15925775e-02
   900  -49.5000  1.16550618e-02
   900  -49.0000  1.16981507e-02
   900  -48.5000  1.17217519e-02
   900  -48.0000  1.17259057e-02
   900  -47.5000  1.17107837e-02
   900  -47.0000  1.16767954e-02
   900  -46.5000  1.16241324e-02
   900  -46.0000  1.15535120e-02
   900  -45.5000  1.14654603e-02
   900  -45.0000  1.13607194e-02
   900  -44.5000  1.12384492e-02
   900  -44.0000  1.17919123e-02
   900  -43.5000  1.16827812e-02
   900  -43.0000  1.15653649e-02
   900  -42.5000  1.14307309e-02
   900  -42.0000  1.06265638e-02
   900  -41.5000  1.04129302e-02
   900  -41.0000  9.74608800e-03
   900  -40.5000  1.05253092e-02
   900  -40.0000  1.10028772e-02
   900  -39.5000  1.27893568e-02
   900  -39.0000  1.35281659e-02
   900  -38.5000  1.42793006e-02
   900  -38.0000  1.50481955e-02
   900  -37.5000  1.56069579e-02
   900  -37.0000  1.66433993e-02
   900  -36.5000  1.76519025e-02
   900  -36.0000  1.87222193e-02
   900  -35.5000  1.98156713e-02
   900  -35.0000  2.18733205e-02
   900  -34.5000  2.70622549e-02
   900  -34.0000  3.62220909e-02
   900  -33.5000  5.23334573e-02
   900  -33.0000  1.39180702e-01
   900  -32.5000  4.77482718e-02
   900  -32.0000  3.34945602e-02
   900  -31.5000  2.85536326e-02
   900  -31.0000  2.42326274e-02
   900  -30.5000  2.02231228e-02
   900  -30.0000  1.83576380e-02
   900  -29.5000  1.69520731e-02
   900  -29.0000  1.58539589e-02
   900  -28.5000  1.50549410e-02
   900  -28.0000  1.44230734e-02
   900  -27.5000  1.49480986e-02
   900  -27.0000  1.44817353e-02
   900  -26.5000  1.41259477e-02
   900  -26.0000  1.38668675e-02
   900  -25.5000  1.36941638e-02
   900  -25.0000  1.35960299e-02
   900  -24.5000  1.35661284e-02
   900  -24.0000  1.35972899e-02
   900  -23.5000  1.36828879e-02
   900  -23.0000  1.38161290e-02
   900  -22.5000  1.39921972e-02
   900  -22.0000  1.42062813e-02
   900  -21.5000  1.44528429e-02
   900  -21.0000  1.47265099e-02
   900  -20.5000  1.50226704e-02
   900  -20.0000  1.53362279e-02
   900  -19.5000  1.56639558e-02
   900  -19.0000  1.60018919e-02
   900  -18.5000  1.63464610e-02
   900  -18.0000  1.66952968e-02
   900  -17.5000  1.70464315e-02
   900  -17.0000  1.73972743e-02
   900  -16.5000  1.77443418e-02
   900  -16.0000  1.80855472e-02
   900  -15.5000  1.84189796e-02
   900  -15.0000  1.86846632e-02
   900  -14.5000  1.89309074e-02
   900  -14.0000  1.91680866e-02
   900  -13.5000  1.93943524e-02
   900  -13.0000  1.96075762e-02
   900  -12.5000  1.98055087e-02
   900  -12.0000  1.81095429e-02
   900  -11.5000  1.82714158e-02
   900  -11.0000  1.84163666e-02
   900  -10.5000  1.85441194e-02
   900  -10.0000  1.86584750e-02
   900   -9.5000  1.87592354e-02
   900   -9.0000  1.88403963e-02
   900   -8.5000  1.89018903e-02
   900   -8.0000  1.89438789e-02
   900   -7.5000  1.89667375e-02
   900   -7.0000  1.89710712e-02
   900   -6.5000  1.89576980e-02
   900   -6.0000  1.89276311e-02
   900   -5.5000  1.88833285e-02
   900   -5.0000  1.88309530e-02
   900   -4.5000  1.87653678e-02
   900   -4.0000  2.06674762e-02
   900   -3.5000  2.05846090e-02
   900   -3.0000  2.04914246e-02
   900   -2.5000  2.03896674e-02
   900   -2.0000  2.02809362e-02
   900   -1.5000  2.01666935e-02
   900   -1.0000  2.00482092e-02
   900   -0.5000  1.99265904e-02
   900    0.0000  1.98028078e-02
   900    0.5000  1.96777180e-02
   900    1.0000  1.95520814e-02
   900    1.5000  1.94265713e-02
   900    2.0000  1.93017894e-02
   900    2.5000  1.91758696e-02
   900    3.0000  1.90116685e-02
   900    3.5000  1.88509444e-02
   900    4.0000  1.86936142e-02
   900    4.5000  1.85396309e-02
   900    5.0000  1.83891071e-02
   900    5.5000  1.82420106e-02
   900    6.0000  1.80981616e-02
   900    6.5000  1.79572421e-02
   900    7.0000  1.78187962e-02
   900    7.5000  1.76822576e-02
   900    8.0000  1.75469246e-02
   900    8.5000  1.74120823e-02
   900    9.0000  1.72773865e-02
   900    9.5000  1.71409211e-02
   900   10.0000  1.70022970e-02
   900   10.5000  1.68606990e-02
   900   11.0000  1.67152613e-02
   900   11.5000  1.65652417e-02
   900   12.0000  1.64100155e-02
   900   12.5000  1.62490562e-02
   900   13.0000  1.60821580e-02
   900   13.5000  1.59092791e-02
   900   14.0000  1.43639834e-02
   900   14.5000  1.42200146e-02
   900   15.0000  1.40724421e-02
   900   15.5000  1.39224847e-02
   900   16.0000  1.37713701e-02
   900   16.5000  1.36206627e-02
   900   17.0000  1.34726583e-02
   900   17.5000  1.33295783e-02
   900   18.0000  1.31943901e-02
   900   18.5000  1.30699929e-02
   900   19.0000  1.29596307e-02
   900   19.5000  1.28669489e-02
   900   20.0000  1.27957169e-02
   900   20.5000  1.27502518e-02
   900   21.0000  1.27351747e-02
   900   21.5000  1.36169890e-02
   900   22.0000  1.36786706e-02
   900   22.5000  1.37980919e-02
   900   23.0000  1.39813498e-02
   900   23.5000  1.42376336e-02
   900   24.0000  1.45819388e-02
   900   24.5000  1.50238014e-02
   900   25.0000  1.55844519e-02
   900   25.5000  1.50282197e-02
   900   26.0000  1.57600669e-02
   900   26.5000  1.67504279e-02
   900   27.0000  1.80209349e-02
   900   27.5000  1.96692290e-02
   900   28.0000  2.19753007e-02
   900   28.5000  2.68529146e-02
   900   29.0000  3.05152185e-02
   900   29.5000  4.01522523e-02
   900   30.0000  8.37748976e-02
   900   30.5000  1.16954941e+00
   900   31.0000  4.08572678e-02
   900   31.5000  2.96915646e-02
   900   32.0000  2.44571488e-02
   900   32.5000  2.05500202e-02
   900   33.0000  1.94839687e-02
   900   33.5000  1.83550589e-02
   900   34.0000  1.73393684e-02
   900   34.5000  1.63083001e-02
   900   35.0000  1.56461617e-02
   900   35.5000  1.48096807e-02
   900   36.0000  1.40424850e-02
   900   36.5000  1.32904739e-02
   900   37.0000  1.20860382e-02
   900   37.5000  1.11011374e-02
   900   38.0000  7.09750350e-03
   900   38.5000  1.03599508e-02
   900   39.0000  1.03303979e-02
   900   39.5000  1.14026664e-02
   900   40.0000  1.16011331e-02
   900   40.5000  1.17237147e-02
   900   41.0000  1.18385709e-02
   900   41.5000  1.12646283e-02
   900   42.0000  1.14011912e-02
   900   42.5000  1.15150004e-02
   900   43.0000  1.16122739e-02
   900   43.5000  1.16921913e-02
   900   44.0000  1.17540379e-02
   900   44.5000  1.17973804e-02
   900   45.0000  1.18214204e-02
   900   45.5000  1.18261273e-02
   900   46.0000  1.18110896e-02
   900   46.5000  1.17761991e-02
   900   47.0000  1.17214855e-02
   900   47.5000  1.16472052e-02
   900   48.0000  1.15534516e-02
   900   48.5000  1.14407871e-02
   900   49.0000  1.13097230e-02
   900   49.5000  1.11608888e-02
   900   50.0000  1.09950855e-02
   900   50.5000  1.08132289e-02
   900   51.0000  1.06163428e-02
   900   51.5000  1.03781427e-02
   900   52.0000  1.01185597e-02
   900   52.5000  9.84696478e-03
   900   53.0000  9.56118950e-03
   900   53.5000  9.82851821e-03
   900   54.0000  9.37857284e-03
   900   54.5000  9.15984179e-03
   900   55.0000  8.55274140e-03
   900   55.5000  8.45272228e-03
   900   56.0000  7.19268084e-03
   900   56.5000  7.63780147e-03
   900   57.0000  6.99272526e-03
   900   57.5000  3.28853681e-03
   900   58.0000  3.89064433e-03
   900   58.5000  3.67683361e-03
   900   59.0000  3.65528114e-03
   900   59.5000  3.65914771e-03
   900   60.0000  3.66978245e-03
   900   60.5000  3.68575403e-03
   900   61.0000  3.70402794e-03
   900   61.5000  3.72142337e-03
   900   62.0000  3.73373093e-03
   900   62.5000  3.72493848e-03
   900   63.0000  3.72084681e-03
   900   63.5000  3.71498591e-03
   900   64.0000  3.70932255e-03
   900   64.5000  3.88808818e-03
   900   65.0000  3.69557667e-03
   900   65.5000  4.72945393e-03
   900   66.0000  3.08708356e-03
   900   66.5000  5.20771912e-03
   900   67.0000  3.08701402e-03
   900   67.5000  3.06607824e-03
   900   68.0000  3.05508841e-03
   900   68.5000  3.04951756e-03
   900   69.0000  3.04357353e-03
   900   69.5000  5.15703386e-03
   900   70.0000  4.62098887e-03
   900   70.5000  3.06830173e-03
   900   71.0000  3.30788816e-03
   900   71.5000  4.12679487e-03
   900   72.0000  3.35756896e-03
   900   72.5000  3.63354578e-03
   900   73.0000  3.62817764e-03
   900   73.5000  3.62737856e-03
   900   74.0000  3.64322992e-03
   900   74.5000  3.61213693e-03
   900   75.0000  3.62385306e-03
   900   75.5000  3.62384396e-03
   900   76.0000  3.62279998e-03
   900   76.5000  3.62106692e-03
   900   77.0000  3.61937541e-03
   900   77.5000  3.61768244e-03
   900   78.0000  3.61601297e-03
   900   78.5000  3.61386216e-03
   900   79.0000  3.61160353e-03
   900   79.5000  3.60192289e-03
   900   80.0000  3.69276157e-03
